date,smap_freq,smap_theta,mcd12c1_IGBP_land_cover,omega_land_cover,roughness_land_cover,b_land_cover,soilgrid_clay_fraction,soilgrid_bulk_density,era5_surface_temperature,vwc_mcd13_sf_land,smap_tb_v_corrected,smap_tb_h_corrected,era5_prep,era5_evap,koppen_climate_5_types,insitu_sm
20150401.0,1.409999966621399,40.0,8.0,0.07999999821186066,0.125,0.10999999940395355,0.19377602636814117,1.184156060218811,283.62701416015625,2.0146548748016357,249.68145751953125,228.41299438476562,0.08829528093338013,1.6857960224151611,400.0,0.264454546299848
20150404.0,1.409999966621399,40.0,8.0,0.07999999821186066,0.125,0.10999999940395355,0.19377602636814117,1.184156060218811,275.5091552734375,2.002666711807251,249.68472290039062,230.59439086914062,0.0008523463038727641,1.44874906539917,400.0,0.256357146160943
20150407.0,1.409999966621399,40.0,8.0,0.07999999821186066,0.125,0.10999999940395355,0.19377602636814117,1.184156060218811,276.98822021484375,1.990315556526184,255.69049072265625,238.52304077148438,2.710935115814209,1.7360447645187378,400.0,0.242285713553429
20150410.0,1.409999966621399,40.0,8.0,0.07999999821186066,0.125,0.10999999940395355,0.19377602636814117,1.184156060218811,277.8050842285156,1.9762715101242065,247.2716064453125,228.52455139160156,0.2201436161994934,1.8875592947006226,400.0,0.268545454198664
20150412.0,1.409999966621399,40.0,8.0,0.07999999821186066,0.125,0.10999999940395355,0.19377602636814117,1.184156060218811,280.3053894042969,1.9668922424316406,251.38348388671875,230.6751251220703,2.3776373863220215,1.713445782661438,400.0,0.249368418204157
20150415.0,1.409999966621399,40.0,8.0,0.07999999821186066,0.125,0.10999999940395355,0.19377602636814117,1.184156060218811,282.8164978027344,1.9532674551010132,257.0206298828125,238.453369140625,3.102585554122925,1.4551335573196411,400.0,0.231684210269075
20150417.0,1.409999966621399,40.0,8.0,0.07999999821186066,0.125,0.10999999940395355,0.19377602636814117,1.184156060218811,278.786865234375,1.9496610164642334,248.45005798339844,229.1021728515625,0.02320566587150097,1.3824061155319214,400.0,0.281909093260765
20150418.0,1.409999966621399,40.0,8.0,0.07999999821186066,0.125,0.10999999940395355,0.19377602636814117,1.184156060218811,280.13134765625,1.9478602409362793,251.5428466796875,233.57791137695312,7.769362926483154,1.3694801330566406,400.0,0.269624999413888
20150420.0,1.409999966621399,40.0,8.0,0.07999999821186066,0.125,0.10999999940395355,0.19377602636814117,1.184156060218811,275.14996337890625,1.9445598125457764,249.318359375,226.67889404296875,0.0024060083087533712,1.5650677680969238,400.0,0.273500005404154
20150423.0,1.409999966621399,40.0,8.0,0.07999999821186066,0.125,0.10999999940395355,0.19377602636814117,1.184156060218811,281.850341796875,1.9383103847503662,257.3864440917969,238.70941162109375,1.5584566593170166,1.968685507774353,400.0,0.246708331629634
20150425.0,1.409999966621399,40.0,8.0,0.07999999821186066,0.125,0.10999999940395355,0.19377602636814117,1.184156060218811,281.8904113769531,1.9148885011672974,260.3582458496094,244.21151733398438,12.540884017944336,1.917981505393982,400.0,0.228541665400068
20150426.0,1.409999966621399,40.0,8.0,0.07999999821186066,0.125,0.10999999940395355,0.19377602636814117,1.184156060218811,277.9870910644531,1.903279423713684,253.5400390625,242.36611938476562,13.48988151550293,1.5715503692626953,400.0,0.22404166807731
20150428.0,1.409999966621399,40.0,8.0,0.07999999821186066,0.125,0.10999999940395355,0.19377602636814117,1.184156060218811,279.0987243652344,1.8794485330581665,246.54539489746094,225.93585205078125,0.0012577574234455824,2.0728981494903564,400.0,0.283695649841557
20150501.0,1.409999966621399,40.0,8.0,0.07999999821186066,0.125,0.10999999940395355,0.19377602636814117,1.184156060218811,282.13262939453125,1.8439918756484985,252.59130859375,234.7218780517578,0.015088764019310474,2.7687108516693115,400.0,0.240749999880791
20150503.0,1.409999966621399,40.0,8.0,0.07999999821186066,0.125,0.10999999940395355,0.19377602636814117,1.184156060218811,284.9438781738281,1.815693736076355,260.3060302734375,240.88665771484375,0.30749714374542236,2.271064281463623,400.0,0.206624999642372
20150504.0,1.409999966621399,40.0,8.0,0.07999999821186066,0.125,0.10999999940395355,0.19377602636814117,1.184156060218811,281.56756591796875,1.8017090559005737,247.57212829589844,232.10821533203125,10.360389709472656,3.9358294010162354,400.0,0.223708329722285
20150506.0,1.409999966621399,40.0,8.0,0.07999999821186066,0.125,0.10999999940395355,0.19377602636814117,1.184156060218811,284.3506774902344,1.7738823890686035,257.24456787109375,245.60711669921875,14.633790016174316,1.6220190525054932,400.0,0.263666666423281
20150509.0,1.409999966621399,40.0,8.0,0.07999999821186066,0.125,0.10999999940395355,0.19377602636814117,1.184156060218811,276.9334411621094,1.7323224544525146,241.2406463623047,226.29661560058594,15.538834571838379,1.80142080783844,400.0,0.32430768929995
20150517.0,1.409999966621399,40.0,8.0,0.07999999821186066,0.125,0.10999999940395355,0.19377602636814117,1.184156060218811,282.21661376953125,1.5900461673736572,246.06805419921875,224.79934692382812,2.186131000518799,1.263710856437683,400.0,0.316749999920527
20150519.0,1.409999966621399,40.0,8.0,0.07999999821186066,0.125,0.10999999940395355,0.19377602636814117,1.184156060218811,278.2156677246094,1.5900367498397827,245.199951171875,224.93685913085938,1.239463210105896,1.24332594871521,400.0,0.30854166423281
20150522.0,1.409999966621399,40.0,8.0,0.07999999821186066,0.125,0.10999999940395355,0.19377602636814117,1.184156060218811,282.0719299316406,1.5915780067443848,246.50909423828125,223.40589904785156,2.391770601272583,2.2481021881103516,400.0,0.29458333303531
20150525.0,1.409999966621399,40.0,8.0,0.07999999821186066,0.125,0.10999999940395355,0.19377602636814117,1.184156060218811,282.5755615234375,1.591670036315918,246.94064331054688,229.81658935546875,12.223496437072754,2.311406135559082,400.0,0.34287499760588
20150527.0,1.409999966621399,40.0,8.0,0.07999999821186066,0.125,0.10999999940395355,0.19377602636814117,1.184156060218811,285.257568359375,1.5606576204299927,245.8187255859375,225.35006713867188,11.790226936340332,3.546762228012085,400.0,0.308166664093733
20150528.0,1.409999966621399,40.0,8.0,0.07999999821186066,0.125,0.10999999940395355,0.19377602636814117,1.184156060218811,286.0028076171875,1.5454246997833252,246.87799072265625,226.30447387695312,11.33719539642334,2.464684247970581,400.0,0.348208335538705
20150530.0,1.409999966621399,40.0,8.0,0.07999999821186066,0.125,0.10999999940395355,0.19377602636814117,1.184156060218811,283.1755065917969,1.5142674446105957,238.96914672851562,219.45724487304688,0.01588456891477108,2.7945847511291504,400.0,0.317521739265193
20150602.0,1.409999966621399,40.0,8.0,0.07999999821186066,0.125,0.10999999940395355,0.19377602636814117,1.184156060218811,291.65997314453125,1.4676556587219238,255.19290161132812,231.23123168945312,2.0991642475128174,3.580855369567871,400.0,0.275958334406217
20150604.0,1.409999966621399,40.0,8.0,0.07999999821186066,0.125,0.10999999940395355,0.19377602636814117,1.184156060218811,286.3317565917969,1.4160741567611694,243.81924438476562,227.53036499023438,36.18043518066406,3.1644136905670166,400.0,0.350124997397264
20150605.0,1.409999966621399,40.0,8.0,0.07999999821186066,0.125,0.10999999940395355,0.19377602636814117,1.184156060218811,288.8548583984375,1.391232967376709,246.37490844726562,226.45465087890625,0.5129425525665283,3.251511812210083,400.0,0.331833334018787
20150607.0,1.409999966621399,40.0,8.0,0.07999999821186066,0.125,0.10999999940395355,0.19377602636814117,1.184156060218811,289.3143310546875,1.3424370288848877,250.31716918945312,229.11041259765625,0.7036926746368408,3.213538646697998,400.0,0.307416662573814
20150610.0,1.409999966621399,40.0,8.0,0.07999999821186066,0.125,0.10999999940395355,0.19377602636814117,1.184156060218811,292.12493896484375,1.2772372961044312,259.4688720703125,238.13153076171875,3.497022867202759,3.4754393100738525,400.0,0.249916664635142
20150612.0,1.409999966621399,40.0,8.0,0.07999999821186066,0.125,0.10999999940395355,0.19377602636814117,1.184156060218811,289.28369140625,1.2803122997283936,258.70281982421875,241.93649291992188,0.050182875245809555,3.470560073852539,400.0,0.235999998946985
20150613.0,1.409999966621399,40.0,8.0,0.07999999821186066,0.125,0.10999999940395355,0.19377602636814117,1.184156060218811,291.5702819824219,1.2818547487258911,262.75738525390625,242.56304931640625,1.0439174175262451,3.196668863296509,400.0,0.218166666726271
20150615.0,1.409999966621399,40.0,8.0,0.07999999821186066,0.125,0.10999999940395355,0.19377602636814117,1.184156060218811,285.3115539550781,1.2869791984558105,254.19796752929688,233.7212371826172,7.48761510848999,3.2809994220733643,400.0,0.224125001579523
20150620.0,1.409999966621399,40.0,8.0,0.07999999821186066,0.125,0.10999999940395355,0.19377602636814117,1.184156060218811,291.8672180175781,1.287773847579956,254.6997528076172,237.74179077148438,7.5777459144592285,3.684990406036377,400.0,0.338458330680927
20150621.0,1.409999966621399,40.0,8.0,0.07999999821186066,0.125,0.10999999940395355,0.19377602636814117,1.184156060218811,290.5633850097656,1.2847670316696167,255.54129028320312,238.1844482421875,0.519300103187561,4.017025947570801,400.0,0.326374998937051
20150623.0,1.409999966621399,40.0,8.0,0.07999999821186066,0.125,0.10999999940395355,0.19377602636814117,1.184156060218811,290.5126037597656,1.2783182859420776,254.64071655273438,233.4117431640625,3.6334047317504883,4.234476089477539,400.0,0.300833337008953
20150626.0,1.409999966621399,40.0,8.0,0.07999999821186066,0.125,0.10999999940395355,0.19377602636814117,1.184156060218811,290.1913146972656,1.2690315246582031,254.4957733154297,235.0419921875,2.8905394077301025,4.224982261657715,400.0,0.333416666835546
20150628.0,1.409999966621399,40.0,8.0,0.07999999821186066,0.125,0.10999999940395355,0.19377602636814117,1.184156060218811,294.24542236328125,1.2664194107055664,261.5000305175781,242.66268920898438,0.0029082868713885546,4.4620842933654785,400.0,0.292166667679946
20150629.0,1.409999966621399,40.0,8.0,0.07999999821186066,0.125,0.10999999940395355,0.19377602636814117,1.184156060218811,295.2419738769531,1.2651170492172241,264.8102722167969,247.6046142578125,0.0007194214849732816,4.348026275634766,400.0,0.274541668593884
20150701.0,1.409999966621399,40.0,8.0,0.07999999821186066,0.125,0.10999999940395355,0.19377602636814117,1.184156060218811,293.96728515625,1.2626612186431885,269.5042724609375,252.92889404296875,0.02897690050303936,3.9471843242645264,400.0,0.240583332876364
20150704.0,1.409999966621399,40.0,8.0,0.07999999821186066,0.125,0.10999999940395355,0.19377602636814117,1.184156060218811,295.70867919921875,1.2592675685882568,266.63128662109375,249.10272216796875,0.00043511379044502974,4.039631366729736,400.0,0.261458332960804
20150706.0,1.409999966621399,40.0,8.0,0.07999999821186066,0.125,0.10999999940395355,0.19377602636814117,1.184156060218811,287.73583984375,1.2613821029663086,265.5752868652344,248.30206298828125,2.8537368774414062,2.959500789642334,400.0,0.24245833295087
20150707.0,1.409999966621399,40.0,8.0,0.07999999821186066,0.125,0.10999999940395355,0.19377602636814117,1.184156060218811,289.96759033203125,1.262441635131836,263.23834228515625,247.79466247558594,1.3567639589309692,2.857815980911255,400.0,0.238333332041899
20150709.0,1.409999966621399,40.0,8.0,0.07999999821186066,0.125,0.10999999940395355,0.19377602636814117,1.184156060218811,290.51434326171875,1.2647676467895508,263.0830078125,244.92434692382812,0.2966725826263428,3.071122884750366,400.0,0.232333332300186
20150712.0,1.409999966621399,40.0,8.0,0.07999999821186066,0.125,0.10999999940395355,0.19377602636814117,1.184156060218811,295.84375,1.268083930015564,272.54803466796875,255.1754913330078,0.17079269886016846,3.6960928440093994,400.0,0.197708334152897
20150714.0,1.409999966621399,40.0,8.0,0.07999999821186066,0.125,0.10999999940395355,0.19377602636814117,1.184156060218811,295.544189453125,1.2677668333053589,271.2965087890625,259.12939453125,0.45940640568733215,3.1663289070129395,400.0,0.214000000307957
20150715.0,1.409999966621399,40.0,8.0,0.07999999821186066,0.125,0.10999999940395355,0.19377602636814117,1.184156060218811,295.38720703125,1.2676082849502563,262.99609375,245.80819702148438,1.0192049741744995,2.9315643310546875,400.0,0.252428576350212
20150717.0,1.409999966621399,40.0,8.0,0.07999999821186066,0.125,0.10999999940395355,0.19377602636814117,1.184156060218811,292.6125793457031,1.267155647277832,269.161376953125,250.6585235595703,0.8930999636650085,2.2932310104370117,400.0,0.232833332692583
20150720.0,1.409999966621399,40.0,8.0,0.07999999821186066,0.125,0.10999999940395355,0.19377602636814117,1.184156060218811,292.95391845703125,1.2670303583145142,271.1534423828125,257.61590576171875,0.04290354624390602,2.4960415363311768,400.0,0.187250000735124
20150722.0,1.409999966621399,40.0,8.0,0.07999999821186066,0.125,0.10999999940395355,0.19377602636814117,1.184156060218811,294.03021240234375,1.2751797437667847,273.020751953125,260.24005126953125,0.0021499081049114466,2.8658435344696045,400.0,0.164000000183781
20150723.0,1.409999966621399,40.0,8.0,0.07999999821186066,0.125,0.10999999940395355,0.19377602636814117,1.184156060218811,296.820556640625,1.2792894840240479,276.6022033691406,262.67462158203125,0.2653208076953888,2.794391393661499,400.0,0.150916665792465
20150728.0,1.409999966621399,40.0,8.0,0.07999999821186066,0.125,0.10999999940395355,0.19377602636814117,1.184156060218811,290.61566162109375,1.3010135889053345,270.8641357421875,256.60760498046875,0.119925357401371,1.7755786180496216,400.0,0.121791666684051
20150730.0,1.409999966621399,40.0,8.0,0.07999999821186066,0.125,0.10999999940395355,0.19377602636814117,1.184156060218811,292.1278076171875,1.3084038496017456,274.25299072265625,261.24884033203125,0.0021468144841492176,2.1753504276275635,400.0,0.111315790367754
20150731.0,1.409999966621399,40.0,8.0,0.07999999821186066,0.125,0.10999999940395355,0.19377602636814117,1.184156060218811,295.0721435546875,1.3121254444122314,276.295654296875,264.7458801269531,0.0026148830074816942,2.225550651550293,400.0,0.107291666169961
20150802.0,1.409999966621399,40.0,8.0,0.07999999821186066,0.125,0.10999999940395355,0.19377602636814117,1.184156060218811,296.5540466308594,1.3195738792419434,279.5841979980469,267.23291015625,0.00214436836540699,1.9592385292053223,400.0,0.0988333337008953
20150805.0,1.409999966621399,40.0,8.0,0.07999999821186066,0.125,0.10999999940395355,0.19377602636814117,1.184156060218811,293.4426574707031,1.3304942846298218,264.6589660644531,246.54428100585938,0.4887750446796417,2.4255712032318115,400.0,0.104142857094606
20150807.0,1.409999966621399,40.0,8.0,0.07999999821186066,0.125,0.10999999940395355,0.19377602636814117,1.184156060218811,292.8504943847656,1.3319532871246338,271.095947265625,252.0199737548828,0.03298017382621765,2.2619073390960693,400.0,0.0975833339616656
20150808.0,1.409999966621399,40.0,8.0,0.07999999821186066,0.125,0.10999999940395355,0.19377602636814117,1.184156060218811,292.8052673339844,1.3326839208602905,274.401123046875,256.9061279296875,1.193440318107605,2.0731284618377686,400.0,0.0946249992897113
20150813.0,1.409999966621399,40.0,8.0,0.07999999821186066,0.125,0.10999999940395355,0.19377602636814117,1.184156060218811,298.7959289550781,1.336578607559204,280.20654296875,265.27557373046875,0.12120772898197174,2.2859861850738525,400.0,0.0929166665300727
20150815.0,1.409999966621399,40.0,8.0,0.07999999821186066,0.125,0.10999999940395355,0.19377602636814117,1.184156060218811,301.0756530761719,1.3531612157821655,278.1768493652344,265.8512268066406,0.042435452342033386,2.0073013305664062,400.0,0.0859583333755533
20150818.0,1.409999966621399,40.0,8.0,0.07999999821186066,0.125,0.10999999940395355,0.19377602636814117,1.184156060218811,283.86700439453125,1.3793513774871826,248.35723876953125,230.42941284179688,30.536848068237305,3.6428756713867188,400.0,0.184916665467123
20150821.0,1.409999966621399,40.0,8.0,0.07999999821186066,0.125,0.10999999940395355,0.19377602636814117,1.184156060218811,292.599609375,1.4057132005691528,259.26251220703125,236.31207275390625,0.0,3.2400600910186768,400.0,0.175999999667207
20150823.0,1.409999966621399,40.0,8.0,0.07999999821186066,0.125,0.10999999940395355,0.19377602636814117,1.184156060218811,283.81060791015625,1.410126805305481,260.60723876953125,244.1964111328125,0.000858306884765625,2.391897439956665,400.0,0.15233333222568
20150824.0,1.409999966621399,40.0,8.0,0.07999999821186066,0.125,0.10999999940395355,0.19377602636814117,1.184156060218811,288.1183166503906,1.4123409986495972,265.35845947265625,247.74826049804688,0.0017046084394678473,2.3927061557769775,400.0,0.146249999602636
20150826.0,1.409999966621399,40.0,8.0,0.07999999821186066,0.125,0.10999999940395355,0.19377602636814117,1.184156060218811,294.7760925292969,1.4161803722381592,273.4483337402344,258.6209716796875,0.0004388083762023598,2.4850542545318604,400.0,0.132166665668289
20150829.0,1.409999966621399,40.0,8.0,0.07999999821186066,0.125,0.10999999940395355,0.19377602636814117,1.184156060218811,295.06390380859375,1.422145128250122,269.50396728515625,252.77749633789062,0.0008523463038727641,2.745168924331665,400.0,0.136541669567426
20150831.0,1.409999966621399,40.0,8.0,0.07999999821186066,0.125,0.10999999940395355,0.19377602636814117,1.184156060218811,294.7069091796875,1.427931308746338,273.91552734375,261.47198486328125,0.0014156731776893139,2.05436635017395,400.0,0.119624999972681
20150901.0,1.409999966621399,40.0,8.0,0.07999999821186066,0.125,0.10999999940395355,0.19377602636814117,1.184156060218811,293.99859619140625,1.430836796760559,273.3647766113281,260.9757385253906,0.0,2.1587672233581543,400.0,0.114000000059605
20150903.0,1.409999966621399,40.0,8.0,0.07999999821186066,0.125,0.10999999940395355,0.19377602636814117,1.184156060218811,296.9836730957031,1.4367313385009766,277.49713134765625,263.59222412109375,0.0,1.9713443517684937,400.0,0.10025000013411
20150906.0,1.409999966621399,40.0,8.0,0.07999999821186066,0.125,0.10999999940395355,0.19377602636814117,1.184156060218811,290.83660888671875,1.446096420288086,273.69476318359375,261.65625,0.06535027921199799,1.2843146324157715,400.0,0.089458333949248
20150908.0,1.409999966621399,40.0,8.0,0.07999999821186066,0.125,0.10999999940395355,0.19377602636814117,1.184156060218811,287.1084899902344,1.4595223665237427,272.4317626953125,260.2691345214844,0.8374258279800415,1.5833759307861328,400.0,0.0825416663040717
20150909.0,1.409999966621399,40.0,8.0,0.07999999821186066,0.125,0.10999999940395355,0.19377602636814117,1.184156060218811,288.87127685546875,1.466298222541809,274.6041259765625,261.13885498046875,0.0,1.3717693090438843,400.0,0.0806666668504477
20150914.0,1.409999966621399,40.0,8.0,0.07999999821186066,0.125,0.10999999940395355,0.19377602636814117,1.184156060218811,293.6980285644531,1.5022615194320679,275.4967041015625,262.501953125,0.0017150088679045439,1.4263298511505127,400.0,0.0720416661351919
20150916.0,1.409999966621399,40.0,8.0,0.07999999821186066,0.125,0.10999999940395355,0.19377602636814117,1.184156060218811,291.5054626464844,1.5286730527877808,274.569091796875,264.16943359375,0.36638158559799194,1.184620976448059,400.0,0.0670416665573915
20150917.0,1.409999966621399,40.0,8.0,0.07999999821186066,0.125,0.10999999940395355,0.19377602636814117,1.184156060218811,287.4979248046875,1.5420970916748047,273.56402587890625,261.6941833496094,0.08182503283023834,0.8883233070373535,400.0,0.0655833339939515
20150919.0,1.409999966621399,40.0,8.0,0.07999999821186066,0.125,0.10999999940395355,0.19377602636814117,1.184156060218811,285.4580078125,1.56997811794281,271.02020263671875,255.31346130371094,0.000852346362080425,0.9971907734870911,400.0,0.0632083332166076
20150922.0,1.409999966621399,40.0,8.0,0.07999999821186066,0.125,0.10999999940395355,0.19377602636814117,1.184156060218811,289.9569091796875,1.6112946271896362,274.03765869140625,261.10302734375,0.0017178847920149565,0.8765161037445068,400.0,0.0641250003439685
20150924.0,1.409999966621399,40.0,8.0,0.07999999821186066,0.125,0.10999999940395355,0.19377602636814117,1.184156060218811,291.3829650878906,1.615279197692871,274.01702880859375,263.7816467285156,0.001708111260086298,0.9257681965827942,400.0,0.0639583339604239
20150925.0,1.409999966621399,40.0,8.0,0.07999999821186066,0.125,0.10999999940395355,0.19377602636814117,1.184156060218811,291.8415832519531,1.6172758340835571,273.722412109375,263.02667236328125,0.0,0.9920192360877991,400.0,0.0621250003265838
20150927.0,1.409999966621399,40.0,8.0,0.07999999821186066,0.125,0.10999999940395355,0.19377602636814117,1.184156060218811,293.55841064453125,1.620125651359558,276.087646484375,265.0428466796875,0.027451710775494576,0.8164320588111877,400.0,0.0601249998435378
20150930.0,1.409999966621399,40.0,8.0,0.07999999821186066,0.125,0.10999999940395355,0.19377602636814117,1.184156060218811,288.4987487792969,1.626450538635254,259.69818115234375,243.77392578125,0.0008523463038727641,1.4567437171936035,400.0,0.0996666665499409
20151002.0,1.409999966621399,40.0,8.0,0.07999999821186066,0.125,0.10999999940395355,0.19377602636814117,1.184156060218811,286.4497375488281,1.660264253616333,264.5107116699219,248.42080688476562,2.0939676761627197,1.4442237615585327,400.0,0.0874583339318633
20151003.0,1.409999966621399,40.0,8.0,0.07999999821186066,0.125,0.10999999940395355,0.19377602636814117,1.184156060218811,283.86956787109375,1.6774659156799316,252.34481811523438,235.15574645996094,2.445632219314575,1.6197503805160522,400.0,0.119208332772056
20151005.0,1.409999966621399,40.0,8.0,0.07999999821186066,0.125,0.10999999940395355,0.19377602636814117,1.184156060218811,283.5059509277344,1.713927984237671,251.80072021484375,233.81619262695312,0.06345194578170776,0.7923683524131775,400.0,0.123411765431657
20151008.0,1.409999966621399,40.0,8.0,0.07999999821186066,0.125,0.10999999940395355,0.19377602636814117,1.184156060218811,284.38800048828125,1.7676773071289062,256.12884521484375,239.620849609375,3.715614080429077,1.1786566972732544,400.0,0.115083333104849
20151010.0,1.409999966621399,40.0,8.0,0.07999999821186066,0.125,0.10999999940395355,0.19377602636814117,1.184156060218811,289.04193115234375,1.7678568363189697,259.1508483886719,237.86843872070312,0.0008523463038727641,1.535801649093628,400.0,0.108041666137675
20151011.0,1.409999966621399,40.0,8.0,0.07999999821186066,0.125,0.10999999940395355,0.19377602636814117,1.184156060218811,289.65740966796875,1.7679466009140015,262.0533447265625,240.35885620117188,0.0030925862956792116,1.3987189531326294,400.0,0.102666666731238
20151013.0,1.409999966621399,40.0,8.0,0.07999999821186066,0.125,0.10999999940395355,0.19377602636814117,1.184156060218811,285.4884948730469,1.7665234804153442,262.74639892578125,244.97100830078125,0.0,1.1138724088668823,400.0,0.0892500011250377
20151016.0,1.409999966621399,40.0,8.0,0.07999999821186066,0.125,0.10999999940395355,0.19377602636814117,1.184156060218811,280.43658447265625,1.7646206617355347,262.47027587890625,247.34481811523438,0.0017121494747698307,0.7596392631530762,400.0,0.0771250001465281
20151018.0,1.409999966621399,40.0,8.0,0.07999999821186066,0.125,0.10999999940395355,0.19377602636814117,1.184156060218811,287.66815185546875,1.7644107341766357,267.0682678222656,253.104248046875,0.0,0.98984694480896,400.0,0.0741249999652306
20151019.0,1.409999966621399,40.0,8.0,0.07999999821186066,0.125,0.10999999940395355,0.19377602636814117,1.184156060218811,286.82977294921875,1.7643057107925415,267.0516662597656,253.75808715820312,0.8259769678115845,0.7052398920059204,400.0,0.0704166668777664
20151021.0,1.409999966621399,40.0,8.0,0.07999999821186066,0.125,0.10999999940395355,0.19377602636814117,1.184156060218811,282.91229248046875,1.7642004489898682,267.2496032714844,253.05343627929688,0.18084634840488434,0.7236899733543396,400.0,0.0675652185859888
20151024.0,1.409999966621399,40.0,8.0,0.07999999821186066,0.125,0.10999999940395355,0.19377602636814117,1.184156060218811,277.92608642578125,1.7627333402633667,241.0625,220.17166137695312,0.002574920654296875,1.08304762840271,400.0,0.175952379902204
20151026.0,1.409999966621399,40.0,8.0,0.07999999821186066,0.125,0.10999999940395355,0.19377602636814117,1.184156060218811,279.75775146484375,1.7421919107437134,251.2564239501953,228.23788452148438,2.7471938133239746,1.2334513664245605,400.0,0.161583332965771
20151027.0,1.409999966621399,40.0,8.0,0.07999999821186066,0.125,0.10999999940395355,0.19377602636814117,1.184156060218811,277.8336486816406,1.73201584815979,248.3909149169922,230.4271240234375,7.53904914855957,1.5327539443969727,400.0,0.200789472774455
20151103.0,1.409999966621399,40.0,8.0,0.07999999821186066,0.125,0.10999999940395355,0.19377602636814117,1.184156060218811,281.1443786621094,1.7036333084106445,249.23568725585938,229.8785400390625,0.03441895917057991,0.8328501582145691,400.0,0.181666667262713
20151104.0,1.409999966621399,40.0,8.0,0.07999999821186066,0.125,0.10999999940395355,0.19377602636814117,1.184156060218811,279.24609375,1.7143378257751465,252.3910369873047,234.44749450683594,1.8378347158432007,0.6160517334938049,400.0,0.175999999046326
20151109.0,1.409999966621399,40.0,8.0,0.07999999821186066,0.125,0.10999999940395355,0.19377602636814117,1.184156060218811,278.5113525390625,1.7724759578704834,248.97988891601562,228.7075958251953,0.0,0.883486807346344,400.0,0.175956520697345
20151114.0,1.409999966621399,40.0,8.0,0.07999999821186066,0.125,0.10999999940395355,0.19377602636814117,1.184156060218811,278.6913757324219,1.7908096313476562,252.470703125,232.562255859375,0.0017162710428237915,0.9028865694999695,400.0,0.163958335916201
20160311.0,1.409999966621399,40.0,8.0,0.07999999821186066,0.125,0.10999999940395355,0.19377602636814117,1.184156060218811,282.44189453125,2.058109760284424,246.35079956054688,225.45571899414062,0.0025714740622788668,1.400031328201294,400.0,0.227588234578862
20160313.0,1.409999966621399,40.0,8.0,0.07999999821186066,0.125,0.10999999940395355,0.19377602636814117,1.184156060218811,283.5679931640625,2.0404765605926514,249.68069458007812,228.63766479492188,0.002837111707776785,1.4442108869552612,400.0,0.274818184700879
20160329.0,1.409999966621399,40.0,8.0,0.07999999821186066,0.125,0.10999999940395355,0.19377602636814117,1.184156060218811,277.6318054199219,1.995060682296753,240.45223999023438,217.21925354003906,0.9184257388114929,1.1043086051940918,400.0,0.346227271990343
20160403.0,1.409999966621399,40.0,8.0,0.07999999821186066,0.125,0.10999999940395355,0.19377602636814117,1.184156060218811,281.5674743652344,2.043079137802124,240.42654418945312,218.07803344726562,0.3686859607696533,2.178140640258789,400.0,0.270636360753666
20160404.0,1.409999966621399,40.0,8.0,0.07999999821186066,0.125,0.10999999940395355,0.19377602636814117,1.184156060218811,279.6412048339844,2.0513827800750732,243.48992919921875,222.47894287109375,0.0931776762008667,2.1159231662750244,400.0,0.254913043068803
20160409.0,1.409999966621399,40.0,8.0,0.07999999821186066,0.125,0.10999999940395355,0.19377602636814117,1.184156060218811,284.15106201171875,2.0025501251220703,244.45745849609375,222.6862335205078,0.000858306884765625,2.7066118717193604,400.0,0.268333334475756
20160411.0,1.409999966621399,40.0,8.0,0.07999999821186066,0.125,0.10999999940395355,0.19377602636814117,1.184156060218811,276.26312255859375,1.957242727279663,247.3075408935547,227.23471069335938,0.00012754062481690198,1.6927112340927124,400.0,0.253333335121473
20160412.0,1.409999966621399,40.0,8.0,0.07999999821186066,0.125,0.10999999940395355,0.19377602636814117,1.184156060218811,282.9724426269531,1.9359251260757446,249.90982055664062,232.01461791992188,0.06919128447771072,2.382037401199341,400.0,0.251791665330529
20160414.0,1.409999966621399,40.0,8.0,0.07999999821186066,0.125,0.10999999940395355,0.19377602636814117,1.184156060218811,285.6271667480469,1.8939512968063354,260.2965087890625,245.27655029296875,2.515855073928833,2.9480247497558594,400.0,0.239999998981754
20160420.0,1.409999966621399,40.0,8.0,0.07999999821186066,0.125,0.10999999940395355,0.19377602636814117,1.184156060218811,275.81756591796875,1.890548825263977,246.0545196533203,229.74951171875,0.002533924300223589,1.2767808437347412,400.0,0.309133332967758
20160422.0,1.409999966621399,40.0,8.0,0.07999999821186066,0.125,0.10999999940395355,0.19377602636814117,1.184156060218811,286.4268493652344,1.89068603515625,245.834228515625,223.82867431640625,0.0009048049687407911,3.1548266410827637,400.0,0.292500000447035
20160503.0,1.409999966621399,40.0,8.0,0.07999999821186066,0.125,0.10999999940395355,0.19377602636814117,1.184156060218811,282.95098876953125,1.930108904838562,246.3623504638672,225.754150390625,0.0021492803934961557,2.662003517150879,400.0,0.298916663974524
20160505.0,1.409999966621399,40.0,8.0,0.07999999821186066,0.125,0.10999999940395355,0.19377602636814117,1.184156060218811,290.4546813964844,1.9170010089874268,253.55528259277344,232.9756317138672,0.0025876082945615053,3.681957244873047,400.0,0.263124999900659
20160506.0,1.409999966621399,40.0,8.0,0.07999999821186066,0.125,0.10999999940395355,0.19377602636814117,1.184156060218811,290.275634765625,1.9096620082855225,256.9743957519531,239.26193237304688,0.02047126740217209,2.418539524078369,400.0,0.247583333402872
20160508.0,1.409999966621399,40.0,8.0,0.07999999821186066,0.125,0.10999999940395355,0.19377602636814117,1.184156060218811,283.8358459472656,1.8950648307800293,259.73284912109375,244.35366821289062,3.12089467048645,2.2431650161743164,400.0,0.222260869715525
20160513.0,1.409999966621399,40.0,8.0,0.07999999821186066,0.125,0.10999999940395355,0.19377602636814117,1.184156060218811,279.3774108886719,1.7654610872268677,258.9617919921875,245.4929656982422,0.8082821369171143,1.666115164756775,400.0,0.276250004768372
20160516.0,1.409999966621399,40.0,8.0,0.07999999821186066,0.125,0.10999999940395355,0.19377602636814117,1.184156060218811,281.26727294921875,1.6916580200195312,256.208251953125,239.45162963867188,0.517026424407959,1.8449912071228027,400.0,0.250291666015983
20160519.0,1.409999966621399,40.0,8.0,0.07999999821186066,0.125,0.10999999940395355,0.19377602636814117,1.184156060218811,287.81744384765625,1.6382193565368652,262.4581604003906,247.48712158203125,0.9825894236564636,3.0118560791015625,400.0,0.212374998877446
20160521.0,1.409999966621399,40.0,8.0,0.07999999821186066,0.125,0.10999999940395355,0.19377602636814117,1.184156060218811,291.578369140625,1.6041147708892822,265.4146423339844,252.25332641601562,0.3345922827720642,3.0275561809539795,400.0,0.186958333477378
20160522.0,1.409999966621399,40.0,8.0,0.07999999821186066,0.125,0.10999999940395355,0.19377602636814117,1.184156060218811,290.10528564453125,1.5875798463821411,265.2921142578125,249.04446411132812,0.25854140520095825,2.641813278198242,400.0,0.170291667804122
20160524.0,1.409999966621399,40.0,8.0,0.07999999821186066,0.125,0.10999999940395355,0.19377602636814117,1.184156060218811,285.6002197265625,1.555113434791565,266.609619140625,252.58901977539062,1.004591703414917,2.4119131565093994,400.0,0.144625001276533
20160527.0,1.409999966621399,40.0,8.0,0.07999999821186066,0.125,0.10999999940395355,0.19377602636814117,1.184156060218811,283.9369812011719,1.5223007202148438,264.3036193847656,251.52777099609375,0.29973122477531433,2.107895612716675,400.0,0.128695652536724
20160529.0,1.409999966621399,40.0,8.0,0.07999999821186066,0.125,0.10999999940395355,0.19377602636814117,1.184156060218811,285.35546875,1.5013267993927002,263.6611328125,251.91192626953125,2.50984263420105,2.9914896488189697,400.0,0.124875001298885
20160530.0,1.409999966621399,40.0,8.0,0.07999999821186066,0.125,0.10999999940395355,0.19377602636814117,1.184156060218811,287.9662170410156,1.4909467697143555,268.1126708984375,251.7570343017578,7.186798572540283,3.0234055519104004,400.0,0.120875000643233
20160601.0,1.409999966621399,40.0,8.0,0.07999999821186066,0.125,0.10999999940395355,0.19377602636814117,1.184156060218811,283.4271545410156,1.4704653024673462,264.2809753417969,252.9706268310547,0.01974739506840706,2.7667317390441895,400.0,0.116958332868914
20160604.0,1.409999966621399,40.0,8.0,0.07999999821186066,0.125,0.10999999940395355,0.19377602636814117,1.184156060218811,288.0968933105469,1.439282774925232,272.2583312988281,256.7327880859375,0.000852346362080425,2.886751890182495,400.0,0.106458333941797
20160606.0,1.409999966621399,40.0,8.0,0.07999999821186066,0.125,0.10999999940395355,0.19377602636814117,1.184156060218811,290.20684814453125,1.4189308881759644,273.140380859375,262.219482421875,0.000858306884765625,2.6985878944396973,400.0,0.0990416680773099
20160607.0,1.409999966621399,40.0,8.0,0.07999999821186066,0.125,0.10999999940395355,0.19377602636814117,1.184156060218811,292.56622314453125,1.4091418981552124,275.07183837890625,262.67608642578125,0.03269695118069649,2.9883880615234375,400.0,0.0954583333805203
20160609.0,1.409999966621399,40.0,8.0,0.07999999821186066,0.125,0.10999999940395355,0.19377602636814117,1.184156060218811,296.62689208984375,1.3898526430130005,274.9559326171875,260.2215576171875,0.08463288098573685,3.053788900375366,400.0,0.0917083341628313
20160612.0,1.409999966621399,40.0,8.0,0.07999999821186066,0.125,0.10999999940395355,0.19377602636814117,1.184156060218811,294.8570556640625,1.376906394958496,279.0166015625,265.4678649902344,0.02652856335043907,1.7491036653518677,400.0,0.0842083338648081
20160614.0,1.409999966621399,40.0,8.0,0.07999999821186066,0.125,0.10999999940395355,0.19377602636814117,1.184156060218811,291.27056884765625,1.368821620941162,262.0369873046875,245.47500610351562,0.14152619242668152,2.9527947902679443,400.0,0.164041666314006
20160615.0,1.409999966621399,40.0,8.0,0.07999999821186066,0.125,0.10999999940395355,0.19377602636814117,1.184156060218811,292.2164001464844,1.3648102283477783,266.96942138671875,247.63885498046875,0.02591346949338913,2.8353984355926514,400.0,0.136333333328366
20160620.0,1.409999966621399,40.0,8.0,0.07999999821186066,0.125,0.10999999940395355,0.19377602636814117,1.184156060218811,292.830078125,1.3462817668914795,275.376708984375,261.3314208984375,0.0012633472215384245,2.9131052494049072,400.0,0.0761250002930562
20160622.0,1.409999966621399,40.0,8.0,0.07999999821186066,0.125,0.10999999940395355,0.19377602636814117,1.184156060218811,294.60687255859375,1.339357614517212,278.17333984375,266.7850341796875,0.00043511379044502974,2.543283462524414,400.0,0.070791667016844
20160623.0,1.409999966621399,40.0,8.0,0.07999999821186066,0.125,0.10999999940395355,0.19377602636814117,1.184156060218811,293.8518981933594,1.3358619213104248,278.5013427734375,266.5269775390625,0.03584403172135353,2.4011120796203613,400.0,0.0680416667213043
20160625.0,1.409999966621399,40.0,8.0,0.07999999821186066,0.125,0.10999999940395355,0.19377602636814117,1.184156060218811,294.0181579589844,1.3289141654968262,280.13916015625,266.33648681640625,0.1328098624944687,1.9717687368392944,400.0,0.0646666665561497
20160628.0,1.409999966621399,40.0,8.0,0.07999999821186066,0.125,0.10999999940395355,0.19377602636814117,1.184156060218811,295.2085266113281,1.3150554895401,279.9366455078125,267.1058349609375,1.5234628915786743,2.126117467880249,400.0,0.0589166667001943
20160630.0,1.409999966621399,40.0,8.0,0.07999999821186066,0.125,0.10999999940395355,0.19377602636814117,1.184156060218811,292.9327087402344,1.3057421445846558,278.7705078125,265.154052734375,0.3077106475830078,1.8768138885498047,400.0,0.0581249999813735
20160701.0,1.409999966621399,40.0,8.0,0.07999999821186066,0.125,0.10999999940395355,0.19377602636814117,1.184156060218811,291.7435302734375,1.3018975257873535,277.28448486328125,266.7638854980469,7.248140811920166,3.022799253463745,400.0,0.0572916668218871
20160703.0,1.409999966621399,40.0,8.0,0.07999999821186066,0.125,0.10999999940395355,0.19377602636814117,1.184156060218811,295.5069274902344,1.2942657470703125,275.046875,261.6685791015625,0.9132733941078186,2.625643730163574,400.0,0.0571304345908372
20160706.0,1.409999966621399,40.0,8.0,0.07999999821186066,0.125,0.10999999940395355,0.19377602636814117,1.184156060218811,293.9114074707031,1.3356000185012817,273.3043212890625,255.97332763671875,2.3350861072540283,2.4286720752716064,400.0,0.0557916667312384
20160708.0,1.409999966621399,40.0,8.0,0.07999999821186066,0.125,0.10999999940395355,0.19377602636814117,1.184156060218811,293.0314636230469,1.366095781326294,270.5675048828125,253.98870849609375,0.0192867424339056,2.1125094890594482,400.0,0.0583750001775722
20160709.0,1.409999966621399,40.0,8.0,0.07999999821186066,0.125,0.10999999940395355,0.19377602636814117,1.184156060218811,298.708984375,1.3809927701950073,275.9302978515625,262.30615234375,0.01186693087220192,2.1746950149536133,400.0,0.057291667132328
20160711.0,1.409999966621399,40.0,8.0,0.07999999821186066,0.125,0.10999999940395355,0.19377602636814117,1.184156060218811,293.59674072265625,1.4115146398544312,278.1411437988281,265.4582214355469,0.14572611451148987,1.3720396757125854,400.0,0.0528749997417132
20160714.0,1.409999966621399,40.0,8.0,0.07999999821186066,0.125,0.10999999940395355,0.19377602636814117,1.184156060218811,290.9504089355469,1.4092304706573486,279.3591003417969,266.95086669921875,0.06083912402391434,1.5683964490890503,400.0,0.0486249999764065
20160716.0,1.409999966621399,40.0,8.0,0.07999999821186066,0.125,0.10999999940395355,0.19377602636814117,1.184156060218811,295.3720397949219,1.4062576293945312,277.3325500488281,264.5235290527344,1.9512628316879272,1.862496018409729,400.0,0.0479130435573018
20160717.0,1.409999966621399,40.0,8.0,0.07999999821186066,0.125,0.10999999940395355,0.19377602636814117,1.184156060218811,292.1385192871094,1.4049938917160034,269.3154296875,253.83248901367188,0.4420895576477051,1.635082721710205,400.0,0.114550000429153
20160719.0,1.409999966621399,40.0,8.0,0.07999999821186066,0.125,0.10999999940395355,0.19377602636814117,1.184156060218811,298.2529602050781,1.4024715423583984,267.40850830078125,248.2569580078125,0.06819719076156616,2.1893718242645264,400.0,0.144166668877006
20160722.0,1.409999966621399,40.0,8.0,0.07999999821186066,0.125,0.10999999940395355,0.19377602636814117,1.184156060218811,300.4861145019531,1.4103710651397705,281.8691711425781,267.5755615234375,1.3601938486099243,1.8669909238815308,400.0,0.0978749999776483
20160724.0,1.409999966621399,40.0,8.0,0.07999999821186066,0.125,0.10999999940395355,0.19377602636814117,1.184156060218811,294.47137451171875,1.4160215854644775,273.20953369140625,259.359375,1.0144565105438232,1.7892110347747803,400.0,0.0728333331644535
20160725.0,1.409999966621399,40.0,8.0,0.07999999821186066,0.125,0.10999999940395355,0.19377602636814117,1.184156060218811,297.6853942871094,1.4188364744186401,278.47943115234375,264.2784423828125,0.0008625263581052423,1.4797837734222412,400.0,0.0678333338970939
20160727.0,1.409999966621399,40.0,8.0,0.07999999821186066,0.125,0.10999999940395355,0.19377602636814117,1.184156060218811,295.14459228515625,1.4244898557662964,277.82171630859375,263.75360107421875,1.6924221515655518,1.6217589378356934,400.0,0.0617083335916201
20160730.0,1.409999966621399,40.0,8.0,0.07999999821186066,0.125,0.10999999940395355,0.19377602636814117,1.184156060218811,294.53009033203125,1.432276725769043,268.141845703125,250.77813720703125,1.0473947525024414,2.014665126800537,400.0,0.104041667034229
20160801.0,1.409999966621399,40.0,8.0,0.07999999821186066,0.125,0.10999999940395355,0.19377602636814117,1.184156060218811,296.78350830078125,1.4374958276748657,269.1343078613281,252.15951538085938,0.10372544825077057,1.6956472396850586,400.0,0.11212500029554
20160802.0,1.409999966621399,40.0,8.0,0.07999999821186066,0.125,0.10999999940395355,0.19377602636814117,1.184156060218811,295.8953857421875,1.4399876594543457,273.8441162109375,260.015380859375,0.7077035307884216,1.6761808395385742,400.0,0.0974166663363576
20160804.0,1.409999966621399,40.0,8.0,0.07999999821186066,0.125,0.10999999940395355,0.19377602636814117,1.184156060218811,292.6517028808594,1.4449890851974487,266.22259521484375,247.33221435546875,0.000858306884765625,1.4467175006866455,400.0,0.106333332757155
20160807.0,1.409999966621399,40.0,8.0,0.07999999821186066,0.125,0.10999999940395355,0.19377602636814117,1.184156060218811,294.6827697753906,1.4437533617019653,277.62042236328125,263.01702880859375,0.01889120228588581,1.1499334573745728,400.0,0.0674583334475756
20160809.0,1.409999966621399,40.0,8.0,0.07999999821186066,0.125,0.10999999940395355,0.19377602636814117,1.184156060218811,296.5380554199219,1.4426723718643188,268.7704772949219,255.72494506835938,1.3170534372329712,1.6781716346740723,400.0,0.0722916666418314
20160810.0,1.409999966621399,40.0,8.0,0.07999999821186066,0.125,0.10999999940395355,0.19377602636814117,1.184156060218811,298.70037841796875,1.442146897315979,275.1360778808594,258.15997314453125,0.8131704926490784,1.5416189432144165,400.0,0.0634166672825813
20160812.0,1.409999966621399,40.0,8.0,0.07999999821186066,0.125,0.10999999940395355,0.19377602636814117,1.184156060218811,291.7060241699219,1.4410967826843262,273.69171142578125,261.72821044921875,0.10290084034204483,1.2603999376296997,400.0,0.0564166666008532
20160815.0,1.409999966621399,40.0,8.0,0.07999999821186066,0.125,0.10999999940395355,0.19377602636814117,1.184156060218811,293.6204833984375,1.4399363994598389,271.9031677246094,254.87655639648438,0.7502899765968323,1.2024558782577515,400.0,0.0909166680648923
20160817.0,1.409999966621399,40.0,8.0,0.07999999821186066,0.125,0.10999999940395355,0.19377602636814117,1.184156060218811,296.26416015625,1.439151644706726,275.6183166503906,260.8200378417969,1.0309122800827026,1.221341609954834,400.0,0.075291666512688
20160818.0,1.409999966621399,40.0,8.0,0.07999999821186066,0.125,0.10999999940395355,0.19377602636814117,1.184156060218811,293.2320556640625,1.4389393329620361,272.6205749511719,257.5230407714844,0.7735580205917358,1.0329833030700684,400.0,0.139173913909041
20160820.0,1.409999966621399,40.0,8.0,0.07999999821186066,0.125,0.10999999940395355,0.19377602636814117,1.184156060218811,285.0476379394531,1.4385149478912354,249.90582275390625,228.9951171875,0.04500316455960274,1.4982335567474365,400.0,0.172833333412806
20160823.0,1.409999966621399,40.0,8.0,0.07999999821186066,0.125,0.10999999940395355,0.19377602636814117,1.184156060218811,293.36907958984375,1.450187087059021,266.1580810546875,248.35455322265625,0.0,1.5104870796203613,400.0,0.130375000958641
20160825.0,1.409999966621399,40.0,8.0,0.07999999821186066,0.125,0.10999999940395355,0.19377602636814117,1.184156060218811,286.06439208984375,1.458449363708496,269.38299560546875,258.4837341308594,0.21288849413394928,0.898284375667572,400.0,0.112583332695067
20160826.0,1.409999966621399,40.0,8.0,0.07999999821186066,0.125,0.10999999940395355,0.19377602636814117,1.184156060218811,287.35296630859375,1.4622769355773926,272.2301025390625,257.33135986328125,2.3702902793884277,1.1011552810668945,400.0,0.109708332767089
20160828.0,1.409999966621399,40.0,8.0,0.07999999821186066,0.125,0.10999999940395355,0.19377602636814117,1.184156060218811,294.081298828125,1.4699723720550537,265.241455078125,246.07327270507812,0.0008553265943191946,1.497770071029663,400.0,0.127708334165315
20160831.0,1.409999966621399,40.0,8.0,0.07999999821186066,0.125,0.10999999940395355,0.19377602636814117,1.184156060218811,295.01361083984375,1.4600470066070557,276.5113525390625,261.43182373046875,0.0004410743713378906,1.114030122756958,400.0,0.0972500002632539
20160902.0,1.409999966621399,40.0,8.0,0.07999999821186066,0.125,0.10999999940395355,0.19377602636814117,1.184156060218811,295.81365966796875,1.4527831077575684,276.78106689453125,266.57244873046875,0.5100730061531067,1.067041039466858,400.0,0.0811666666219632
20160903.0,1.409999966621399,40.0,8.0,0.07999999821186066,0.125,0.10999999940395355,0.19377602636814117,1.184156060218811,294.8200378417969,1.4497309923171997,276.96514892578125,266.3537902832031,0.0008583395974710584,0.8888416886329651,400.0,0.0755833340808749
20160905.0,1.409999966621399,40.0,8.0,0.07999999821186066,0.125,0.10999999940395355,0.19377602636814117,1.184156060218811,287.5467834472656,1.4436527490615845,253.5279998779297,232.94534301757812,5.776348114013672,2.6737008094787598,400.0,0.168291666855415
20160908.0,1.409999966621399,40.0,8.0,0.07999999821186066,0.125,0.10999999940395355,0.19377602636814117,1.184156060218811,287.0162658691406,1.471462607383728,264.1434326171875,245.30059814453125,0.28496044874191284,1.4941281080245972,400.0,0.142125001177192
20160910.0,1.409999966621399,40.0,8.0,0.07999999821186066,0.125,0.10999999940395355,0.19377602636814117,1.184156060218811,284.11273193359375,1.4914814233779907,258.3374328613281,241.41915893554688,0.001206965884193778,1.5761345624923706,400.0,0.176950000971556
20160911.0,1.409999966621399,40.0,8.0,0.07999999821186066,0.125,0.10999999940395355,0.19377602636814117,1.184156060218811,289.9896545410156,1.5018949508666992,265.26202392578125,244.6282196044922,0.001735785393975675,1.8587367534637451,400.0,0.16066666568319
20160913.0,1.409999966621399,40.0,8.0,0.07999999821186066,0.125,0.10999999940395355,0.19377602636814117,1.184156060218811,279.7564392089844,1.5230023860931396,250.54214477539062,232.68280029296875,3.8311057090759277,1.399921178817749,400.0,0.201291667297482
20160916.0,1.409999966621399,40.0,8.0,0.07999999821186066,0.125,0.10999999940395355,0.19377602636814117,1.184156060218811,285.16632080078125,1.5774855613708496,252.37332153320312,235.5690155029297,0.09338418394327164,1.3685222864151,400.0,0.223666667938232
20160918.0,1.409999966621399,40.0,8.0,0.07999999821186066,0.125,0.10999999940395355,0.19377602636814117,1.184156060218811,289.30859375,1.6158872842788696,262.2515563964844,240.90040588378906,0.0842716246843338,1.3929598331451416,400.0,0.187291666865349
20160919.0,1.409999966621399,40.0,8.0,0.07999999821186066,0.125,0.10999999940395355,0.19377602636814117,1.184156060218811,288.4685974121094,1.6346886157989502,267.50421142578125,252.13113403320312,0.2832302749156952,1.2686164379119873,400.0,0.173333333184322
20160921.0,1.409999966621399,40.0,8.0,0.07999999821186066,0.125,0.10999999940395355,0.19377602636814117,1.184156060218811,288.8271789550781,1.6730393171310425,271.4415283203125,257.61627197265625,0.012853887863457203,0.677169919013977,400.0,0.149791666616996
20160924.0,1.409999966621399,40.0,8.0,0.07999999821186066,0.125,0.10999999940395355,0.19377602636814117,1.184156060218811,283.769775390625,1.6767277717590332,241.52020263671875,222.1002655029297,41.34465408325195,3.0828263759613037,400.0,0.24629166473945
20160926.0,1.409999966621399,40.0,8.0,0.07999999821186066,0.125,0.10999999940395355,0.19377602636814117,1.184156060218811,283.09918212890625,1.6775540113449097,248.1130828857422,225.71627807617188,0.0,1.666194200515747,400.0,0.23083333298564
20160929.0,1.409999966621399,40.0,8.0,0.07999999821186066,0.125,0.10999999940395355,0.19377602636814117,1.184156060218811,288.9371337890625,1.6795238256454468,258.318603515625,239.09164428710938,0.0,1.9769443273544312,400.0,0.190541666001081
20161002.0,1.409999966621399,40.0,8.0,0.07999999821186066,0.125,0.10999999940395355,0.19377602636814117,1.184156060218811,288.765869140625,1.694441795349121,265.099853515625,250.4853973388672,0.0011997035471722484,1.2603623867034912,400.0,0.164875000094374
20161004.0,1.409999966621399,40.0,8.0,0.07999999821186066,0.125,0.10999999940395355,0.19377602636814117,1.184156060218811,279.9247131347656,1.7048426866531372,251.14205932617188,229.97023010253906,1.0926883220672607,1.3835591077804565,400.0,0.211374998713533
20161007.0,1.409999966621399,40.0,8.0,0.07999999821186066,0.125,0.10999999940395355,0.19377602636814117,1.184156060218811,276.5889587402344,1.7207586765289307,252.53854370117188,233.0169677734375,0.0011104835430160165,0.9671011567115784,400.0,0.18752381063643
20161010.0,1.409999966621399,40.0,8.0,0.07999999821186066,0.125,0.10999999940395355,0.19377602636814117,1.184156060218811,286.1708984375,1.7419700622558594,260.85931396484375,245.22117614746094,0.02439771220088005,1.519659399986267,400.0,0.166291667769353
20161013.0,1.409999966621399,40.0,8.0,0.07999999821186066,0.125,0.10999999940395355,0.19377602636814117,1.184156060218811,279.8102111816406,1.7626272439956665,257.8525390625,240.26846313476562,0.0008523463038727641,1.1471537351608276,400.0,0.152624997620781
20161015.0,1.409999966621399,40.0,8.0,0.07999999821186066,0.125,0.10999999940395355,0.19377602636814117,1.184156060218811,285.86529541015625,1.7747620344161987,263.66961669921875,246.7776336669922,0.12099377065896988,1.0748769044876099,400.0,0.146333331863085
20161018.0,1.409999966621399,40.0,8.0,0.07999999821186066,0.125,0.10999999940395355,0.19377602636814117,1.184156060218811,279.3639831542969,1.7043153047561646,256.8154296875,239.802734375,0.5396739840507507,1.2427403926849365,400.0,0.135791670531034
20161020.0,1.409999966621399,40.0,8.0,0.07999999821186066,0.125,0.10999999940395355,0.19377602636814117,1.184156060218811,276.91339111328125,1.65634024143219,255.09909057617188,236.96331787109375,0.027040822431445122,0.9354059100151062,400.0,0.138952380844525
20161021.0,1.409999966621399,40.0,8.0,0.07999999821186066,0.125,0.10999999940395355,0.19377602636814117,1.184156060218811,281.07080078125,1.6346051692962646,256.68585205078125,237.09042358398438,0.0,1.0304713249206543,400.0,0.155083334694306
20161023.0,1.409999966621399,40.0,8.0,0.07999999821186066,0.125,0.10999999940395355,0.19377602636814117,1.184156060218811,280.2479248046875,1.5921069383621216,260.0943298339844,242.69345092773438,0.0008523463038727641,0.740229606628418,400.0,0.15145832983156
20161026.0,1.409999966621399,40.0,8.0,0.07999999821186066,0.125,0.10999999940395355,0.19377602636814117,1.184156060218811,283.9736022949219,1.6359604597091675,263.36090087890625,248.31494140625,0.0,0.856995701789856,400.0,0.143833331763744
20161028.0,1.409999966621399,40.0,8.0,0.07999999821186066,0.125,0.10999999940395355,0.19377602636814117,1.184156060218811,288.6528015136719,1.6693463325500488,265.7890319824219,250.93826293945312,0.017996076494455338,1.045803189277649,400.0,0.136333333328366
20161029.0,1.409999966621399,40.0,8.0,0.07999999821186066,0.125,0.10999999940395355,0.19377602636814117,1.184156060218811,281.2589416503906,1.6854829788208008,247.06971740722656,231.42059326171875,10.49895191192627,1.2228336334228516,400.0,0.143708335235715
20161031.0,1.409999966621399,40.0,8.0,0.07999999821186066,0.125,0.10999999940395355,0.19377602636814117,1.184156060218811,286.5125732421875,1.7182694673538208,254.00682067871094,230.5872802734375,0.03400750830769539,1.3708350658416748,400.0,0.170400002598763
20161103.0,1.409999966621399,40.0,8.0,0.07999999821186066,0.125,0.10999999940395355,0.19377602636814117,1.184156060218811,281.4953918457031,1.7173891067504883,254.42752075195312,237.49215698242188,0.0,1.0082017183303833,400.0,0.156125002851089
20161105.0,1.409999966621399,40.0,8.0,0.07999999821186066,0.125,0.10999999940395355,0.19377602636814117,1.184156060218811,283.84698486328125,1.715168833732605,257.5933837890625,242.7510986328125,0.0,0.954069972038269,400.0,0.14879166521132
20161106.0,1.409999966621399,40.0,8.0,0.07999999821186066,0.125,0.10999999940395355,0.19377602636814117,1.184156060218811,284.3171691894531,1.7152119874954224,259.1457214355469,243.87039184570312,0.000858306884765625,0.9033239483833313,400.0,0.145041665062308
20161108.0,1.409999966621399,40.0,8.0,0.07999999821186066,0.125,0.10999999940395355,0.19377602636814117,1.184156060218811,279.03021240234375,1.7152982950210571,258.08123779296875,244.662109375,0.002580880420282483,0.6742238402366638,400.0,0.136500002195438
20161111.0,1.409999966621399,40.0,8.0,0.07999999821186066,0.125,0.10999999940395355,0.19377602636814117,1.184156060218811,279.6290588378906,1.792134404182434,261.21929931640625,246.05569458007812,0.0008642672328278422,0.6561474800109863,400.0,0.127208335946004
20161113.0,1.409999966621399,40.0,8.0,0.07999999821186066,0.125,0.10999999940395355,0.19377602636814117,1.184156060218811,281.2699279785156,1.8478777408599854,262.98883056640625,247.34970092773438,0.08060579746961594,0.5950493812561035,400.0,0.121374999793867
20161114.0,1.409999966621399,40.0,8.0,0.07999999821186066,0.125,0.10999999940395355,0.19377602636814117,1.184156060218811,280.4193420410156,1.8749473094940186,262.302734375,247.78382873535156,0.2653064429759979,0.7085172533988953,400.0,0.118333332861463
20161116.0,1.409999966621399,40.0,8.0,0.07999999821186066,0.125,0.10999999940395355,0.19377602636814117,1.184156060218811,282.2066955566406,1.930249571800232,263.3984375,249.031982421875,0.003807069268077612,0.557304322719574,400.0,0.115727272562005
20161122.0,1.409999966621399,40.0,8.0,0.07999999821186066,0.125,0.10999999940395355,0.19377602636814117,1.184156060218811,275.6399230957031,1.9036673307418823,247.92953491210938,228.57476806640625,0.08053182065486908,0.40335676074028015,400.0,0.190066665410995
20161127.0,1.409999966621399,40.0,8.0,0.07999999821186066,0.125,0.10999999940395355,0.19377602636814117,1.184156060218811,277.70526123046875,1.87874174118042,252.91482543945312,234.37403869628906,0.02158023789525032,0.6787393093109131,400.0,0.178227276287296
20170316.0,1.409999966621399,40.0,8.0,0.07999999821186066,0.125,0.10999999940395355,0.19377602636814117,1.184156060218811,282.1208190917969,1.981382966041565,239.76419067382812,214.65557861328125,0.7916340827941895,1.513920545578003,400.0,0.322166666388512
20170319.0,1.409999966621399,40.0,8.0,0.07999999821186066,0.125,0.10999999940395355,0.19377602636814117,1.184156060218811,287.1505126953125,1.9421135187149048,247.88690185546875,223.14398193359375,0.07548778504133224,1.7358264923095703,400.0,0.264749996364117
20170322.0,1.409999966621399,40.0,8.0,0.07999999821186066,0.125,0.10999999940395355,0.19377602636814117,1.184156060218811,280.7970886230469,1.904321551322937,245.63449096679688,225.78857421875,1.1201119422912598,1.6440693140029907,400.0,0.28504545444792
20170324.0,1.409999966621399,40.0,8.0,0.07999999821186066,0.125,0.10999999940395355,0.19377602636814117,1.184156060218811,277.2853698730469,1.8917827606201172,238.33871459960938,218.02383422851562,0.5664522647857666,1.8400139808654785,400.0,0.309937495738268
20170327.0,1.409999966621399,40.0,8.0,0.07999999821186066,0.125,0.10999999940395355,0.19377602636814117,1.184156060218811,278.0385437011719,1.8735884428024292,243.77381896972656,223.98431396484375,0.30256855487823486,1.3649437427520752,400.0,0.273909094658765
20170329.0,1.409999966621399,40.0,8.0,0.07999999821186066,0.125,0.10999999940395355,0.19377602636814117,1.184156060218811,278.1605529785156,1.8607079982757568,247.28866577148438,228.47402954101562,0.3309711217880249,1.7265969514846802,400.0,0.258599999547005
20170330.0,1.409999966621399,40.0,8.0,0.07999999821186066,0.125,0.10999999940395355,0.19377602636814117,1.184156060218811,280.3115234375,1.857405424118042,248.76760864257812,227.18301391601562,0.4142516851425171,1.1770687103271484,400.0,0.24979166376094
20170401.0,1.409999966621399,40.0,8.0,0.07999999821186066,0.125,0.10999999940395355,0.19377602636814117,1.184156060218811,277.3243713378906,1.8718528747558594,248.55609130859375,228.0361328125,0.005764264613389969,1.2724008560180664,400.0,0.237928571445601
20170406.0,1.409999966621399,40.0,8.0,0.07999999821186066,0.125,0.10999999940395355,0.19377602636814117,1.184156060218811,278.712158203125,1.9116326570510864,242.29344177246094,220.80770874023438,0.0,1.7983427047729492,400.0,0.276285715046383
20170407.0,1.409999966621399,40.0,8.0,0.07999999821186066,0.125,0.10999999940395355,0.19377602636814117,1.184156060218811,285.3675537109375,1.9172965288162231,247.94622802734375,225.35411071777344,0.00043511379044502974,2.40256929397583,400.0,0.275083336979151
20170409.0,1.409999966621399,40.0,8.0,0.07999999821186066,0.125,0.10999999940395355,0.19377602636814117,1.184156060218811,279.3247985839844,1.9101412296295166,252.0050811767578,235.69781494140625,6.663490295410156,2.153341293334961,400.0,0.257041666656733
20170412.0,1.409999966621399,40.0,8.0,0.07999999821186066,0.125,0.10999999940395355,0.19377602636814117,1.184156060218811,278.92510986328125,1.8985682725906372,240.71588134765625,217.89300537109375,0.8700225949287415,1.9770466089248657,400.0,0.306375004351139
20170415.0,1.409999966621399,40.0,8.0,0.07999999821186066,0.125,0.10999999940395355,0.19377602636814117,1.184156060218811,279.35888671875,1.884894847869873,252.5049591064453,233.28033447265625,1.8923879861831665,2.268751382827759,400.0,0.252666666482886
20170417.0,1.409999966621399,40.0,8.0,0.07999999821186066,0.125,0.10999999940395355,0.19377602636814117,1.184156060218811,279.2848205566406,1.848639726638794,252.9517059326172,231.64083862304688,0.06942649185657501,1.643458604812622,400.0,0.232333333719344
20170420.0,1.409999966621399,40.0,8.0,0.07999999821186066,0.125,0.10999999940395355,0.19377602636814117,1.184156060218811,278.5986022949219,1.7942230701446533,239.86846923828125,219.6068115234375,0.012709924019873142,2.1354737281799316,400.0,0.313818181102926
20170422.0,1.409999966621399,40.0,8.0,0.07999999821186066,0.125,0.10999999940395355,0.19377602636814117,1.184156060218811,279.7646484375,1.7562930583953857,246.94561767578125,227.974365234375,0.8975315093994141,2.1156628131866455,400.0,0.301208334664504
20170423.0,1.409999966621399,40.0,8.0,0.07999999821186066,0.125,0.10999999940395355,0.19377602636814117,1.184156060218811,283.1722412109375,1.7446892261505127,243.4575653076172,223.47254943847656,0.0008278993191197515,2.3503284454345703,400.0,0.281999999036392
20170501.0,1.409999966621399,40.0,8.0,0.07999999821186066,0.125,0.10999999940395355,0.19377602636814117,1.184156060218811,278.58990478515625,1.8479433059692383,244.84378051757812,225.63394165039062,1.9283431768417358,2.2849414348602295,400.0,0.335363640026613
20170503.0,1.409999966621399,40.0,8.0,0.07999999821186066,0.125,0.10999999940395355,0.19377602636814117,1.184156060218811,277.700439453125,1.7994142770767212,244.98403930664062,227.357177734375,4.576458930969238,2.88118577003479,400.0,0.327000002650654
20170506.0,1.409999966621399,40.0,8.0,0.07999999821186066,0.125,0.10999999940395355,0.19377602636814117,1.184156060218811,290.9053649902344,1.7259880304336548,252.54318237304688,232.2350616455078,0.0037986168172210455,3.7006442546844482,400.0,0.267083335667849
20170508.0,1.409999966621399,40.0,8.0,0.07999999821186066,0.125,0.10999999940395355,0.19377602636814117,1.184156060218811,286.3507385253906,1.67814040184021,260.59344482421875,247.50015258789062,0.031913112848997116,2.1922450065612793,400.0,0.225666664540768
20170509.0,1.409999966621399,40.0,8.0,0.07999999821186066,0.125,0.10999999940395355,0.19377602636814117,1.184156060218811,283.2177734375,1.6543657779693604,259.0885009765625,239.56671142578125,2.175973892211914,1.8329204320907593,400.0,0.217583332210779
20170511.0,1.409999966621399,40.0,8.0,0.07999999821186066,0.125,0.10999999940395355,0.19377602636814117,1.184156060218811,285.3442077636719,1.6053533554077148,257.69171142578125,240.35772705078125,0.008016346953809261,2.7586238384246826,400.0,0.220956522485484
20170514.0,1.409999966621399,40.0,8.0,0.07999999821186066,0.125,0.10999999940395355,0.19377602636814117,1.184156060218811,286.9219970703125,1.5346965789794922,264.3511962890625,250.72987365722656,0.2814832627773285,2.7652344703674316,400.0,0.195208332190911
20170516.0,1.409999966621399,40.0,8.0,0.07999999821186066,0.125,0.10999999940395355,0.19377602636814117,1.184156060218811,283.9933776855469,1.487560510635376,252.07212829589844,233.72793579101562,13.411820411682129,2.4439916610717773,400.0,0.253208332384626
20170517.0,1.409999966621399,40.0,8.0,0.07999999821186066,0.125,0.10999999940395355,0.19377602636814117,1.184156060218811,281.92425537109375,1.471252202987671,254.4196319580078,235.41571044921875,9.254831314086914,2.85768461227417,400.0,0.300000000745058
20170522.0,1.409999966621399,40.0,8.0,0.07999999821186066,0.125,0.10999999940395355,0.19377602636814117,1.184156060218811,281.4979248046875,1.5043189525604248,251.03428649902344,234.31881713867188,4.900296211242676,3.1850640773773193,400.0,0.338999999066194
20170524.0,1.409999966621399,40.0,8.0,0.07999999821186066,0.125,0.10999999940395355,0.19377602636814117,1.184156060218811,285.6122131347656,1.5204042196273804,251.43289184570312,229.91412353515625,0.0965956524014473,3.5303761959075928,400.0,0.292625002563
20170525.0,1.409999966621399,40.0,8.0,0.07999999821186066,0.125,0.10999999940395355,0.19377602636814117,1.184156060218811,286.4264221191406,1.524536371231079,255.25653076171875,238.08447265625,0.05173654109239578,2.5388548374176025,400.0,0.26916666701436
20170527.0,1.409999966621399,40.0,8.0,0.07999999821186066,0.125,0.10999999940395355,0.19377602636814117,1.184156060218811,283.3247985839844,1.5060356855392456,264.3671569824219,247.84901428222656,0.7464298009872437,2.782876491546631,400.0,0.243250002463659
20170530.0,1.409999966621399,40.0,8.0,0.07999999821186066,0.125,0.10999999940395355,0.19377602636814117,1.184156060218811,284.390380859375,1.4775367975234985,263.73211669921875,247.59320068359375,0.00043511384865269065,2.980039119720459,400.0,0.195541666199764
20170601.0,1.409999966621399,40.0,8.0,0.07999999821186066,0.125,0.10999999940395355,0.19377602636814117,1.184156060218811,292.7278747558594,1.459676742553711,269.31341552734375,258.7176513671875,0.1480548232793808,3.371990442276001,400.0,0.161333333700895
20170602.0,1.409999966621399,40.0,8.0,0.07999999821186066,0.125,0.10999999940395355,0.19377602636814117,1.184156060218811,291.9909362792969,1.4474045038223267,273.25115966796875,258.6272888183594,3.0975534915924072,2.8574442863464355,400.0,0.148874999334415
20170604.0,1.409999966621399,40.0,8.0,0.07999999821186066,0.125,0.10999999940395355,0.19377602636814117,1.184156060218811,293.0399475097656,1.400799036026001,275.572021484375,261.34326171875,0.0017187271732836962,3.497140407562256,400.0,0.125666667396824
20170607.0,1.409999966621399,40.0,8.0,0.07999999821186066,0.125,0.10999999940395355,0.19377602636814117,1.184156060218811,291.0792541503906,1.333662748336792,267.98883056640625,250.87387084960938,3.1028175354003906,2.8077821731567383,400.0,0.111500001512468
20170609.0,1.409999966621399,40.0,8.0,0.07999999821186066,0.125,0.10999999940395355,0.19377602636814117,1.184156060218811,296.6591491699219,1.2895374298095703,274.04656982421875,260.11517333984375,0.0,3.221216917037964,400.0,0.106874999590218
20170610.0,1.409999966621399,40.0,8.0,0.07999999821186066,0.125,0.10999999940395355,0.19377602636814117,1.184156060218811,292.5354309082031,1.274143099784851,275.4178466796875,262.6533203125,0.02451808750629425,2.433905839920044,400.0,0.103250000625849
20170615.0,1.409999966621399,40.0,8.0,0.07999999821186066,0.125,0.10999999940395355,0.19377602636814117,1.184156060218811,289.50860595703125,1.2978647947311401,261.0171203613281,241.04974365234375,0.05077984556555748,2.712867021560669,400.0,0.218249998986721
20170617.0,1.409999966621399,40.0,8.0,0.07999999821186066,0.125,0.10999999940395355,0.19377602636814117,1.184156060218811,286.869140625,1.3093816041946411,259.5860595703125,242.34304809570312,9.173985481262207,3.823591709136963,400.0,0.243625000740091
20170618.0,1.409999966621399,40.0,8.0,0.07999999821186066,0.125,0.10999999940395355,0.19377602636814117,1.184156060218811,286.78936767578125,1.3131357431411743,260.3482666015625,239.76397705078125,0.027280915528535843,2.4150712490081787,400.0,0.269041666140159
20170620.0,1.409999966621399,40.0,8.0,0.07999999821186066,0.125,0.10999999940395355,0.19377602636814117,1.184156060218811,292.2227783203125,1.3067339658737183,267.1201171875,249.49522399902344,0.6362701654434204,3.0404393672943115,400.0,0.218208332856496
20170623.0,1.409999966621399,40.0,8.0,0.07999999821186066,0.125,0.10999999940395355,0.19377602636814117,1.184156060218811,285.5652160644531,1.2964529991149902,271.0767822265625,255.74163818359375,0.19283930957317352,2.091158151626587,400.0,0.151166666919986
20170625.0,1.409999966621399,40.0,8.0,0.07999999821186066,0.125,0.10999999940395355,0.19377602636814117,1.184156060218811,286.9666442871094,1.2887778282165527,273.4700927734375,260.36279296875,0.0,2.2341010570526123,400.0,0.122375000889103
20170626.0,1.409999966621399,40.0,8.0,0.07999999821186066,0.125,0.10999999940395355,0.19377602636814117,1.184156060218811,289.271240234375,1.2871860265731812,274.25799560546875,263.3008728027344,0.0008644474437460303,2.39734148979187,400.0,0.112708333879709
20170628.0,1.409999966621399,40.0,8.0,0.07999999821186066,0.125,0.10999999940395355,0.19377602636814117,1.184156060218811,292.73028564453125,1.2990946769714355,270.00830078125,256.2353210449219,0.20370082557201385,2.003631353378296,400.0,0.132900001108646
20170701.0,1.409999966621399,40.0,8.0,0.07999999821186066,0.125,0.10999999940395355,0.19377602636814117,1.184156060218811,290.43353271484375,1.3181668519973755,262.1628112792969,240.48556518554688,0.0012889127247035503,2.523890733718872,400.0,0.23641666645805
20170703.0,1.409999966621399,40.0,8.0,0.07999999821186066,0.125,0.10999999940395355,0.19377602636814117,1.184156060218811,295.21441650390625,1.3317911624908447,266.011474609375,248.5950469970703,0.06257189065217972,2.5481629371643066,400.0,0.168541666120291
20170704.0,1.409999966621399,40.0,8.0,0.07999999821186066,0.125,0.10999999940395355,0.19377602636814117,1.184156060218811,297.286376953125,1.3373284339904785,269.0807189941406,253.75759887695312,0.09070472419261932,2.446143865585327,400.0,0.143874999135733
20170706.0,1.409999966621399,40.0,8.0,0.07999999821186066,0.125,0.10999999940395355,0.19377602636814117,1.184156060218811,298.50909423828125,1.3392618894577026,278.18359375,264.4361572265625,0.08938474208116531,1.9809720516204834,400.0,0.107624999868373
20170709.0,1.409999966621399,40.0,8.0,0.07999999821186066,0.125,0.10999999940395355,0.19377602636814117,1.184156060218811,300.1658935546875,1.3416796922683716,280.11285400390625,268.6727294921875,0.003722225781530142,1.795677661895752,400.0,0.0922499997541308
20170711.0,1.409999966621399,40.0,8.0,0.07999999821186066,0.125,0.10999999940395355,0.19377602636814117,1.184156060218811,298.1944580078125,1.3431295156478882,269.52825927734375,252.83456420898438,0.18672634661197662,1.6909559965133667,400.0,0.0898181823166934
20170712.0,1.409999966621399,40.0,8.0,0.07999999821186066,0.125,0.10999999940395355,0.19377602636814117,1.184156060218811,295.5618896484375,1.3439671993255615,258.73895263671875,239.42916870117188,2.7885172367095947,2.0278303623199463,400.0,0.150636364790526
20170714.0,1.409999966621399,40.0,8.0,0.07999999821186066,0.125,0.10999999940395355,0.19377602636814117,1.184156060218811,299.34478759765625,1.3464025259017944,273.621826171875,255.2789306640625,0.3542359173297882,1.8511483669281006,400.0,0.138583334783713
20170717.0,1.409999966621399,40.0,8.0,0.07999999821186066,0.125,0.10999999940395355,0.19377602636814117,1.184156060218811,299.8255920410156,1.3501259088516235,277.14093017578125,263.96307373046875,1.4883028268814087,1.7138961553573608,400.0,0.109125000424683
20170719.0,1.409999966621399,40.0,8.0,0.07999999821186066,0.125,0.10999999940395355,0.19377602636814117,1.184156060218811,298.5135498046875,1.352858304977417,279.70404052734375,266.54425048828125,1.9383552074432373,2.1751692295074463,400.0,0.0982500001167258
20170720.0,1.409999966621399,40.0,8.0,0.07999999821186066,0.125,0.10999999940395355,0.19377602636814117,1.184156060218811,298.420654296875,1.3535009622573853,279.99554443359375,269.5899658203125,0.04438430070877075,1.813459873199463,400.0,0.0935833333060145
20170722.0,1.409999966621399,40.0,8.0,0.07999999821186066,0.125,0.10999999940395355,0.19377602636814117,1.184156060218811,296.39569091796875,1.3498883247375488,267.75830078125,245.49905395507812,0.0008523463038727641,1.534891963005066,400.0,0.180833333482345
20170725.0,1.409999966621399,40.0,8.0,0.07999999821186066,0.125,0.10999999940395355,0.19377602636814117,1.184156060218811,296.8313903808594,1.3442410230636597,274.64697265625,257.5511474609375,0.5338925719261169,0.9142981767654419,400.0,0.149875000740091
20170727.0,1.409999966621399,40.0,8.0,0.07999999821186066,0.125,0.10999999940395355,0.19377602636814117,1.184156060218811,295.4661865234375,1.3404343128204346,273.0050964355469,259.44647216796875,14.321110725402832,2.2585561275482178,400.0,0.160500001162291
20170728.0,1.409999966621399,40.0,8.0,0.07999999821186066,0.125,0.10999999940395355,0.19377602636814117,1.184156060218811,293.9599609375,1.3385193347930908,256.76580810546875,236.21478271484375,4.650201320648193,3.427543878555298,400.0,0.228208334495624
20170730.0,1.409999966621399,40.0,8.0,0.07999999821186066,0.125,0.10999999940395355,0.19377602636814117,1.184156060218811,294.46087646484375,1.3345810174942017,269.23126220703125,248.64761352539062,0.016076043248176575,2.173537492752075,400.0,0.192649997770786
20170802.0,1.409999966621399,40.0,8.0,0.07999999821186066,0.125,0.10999999940395355,0.19377602636814117,1.184156060218811,292.58447265625,1.328649878501892,257.52655029296875,238.04867553710938,7.532230854034424,2.96579647064209,400.0,0.191681818528609
20170804.0,1.409999966621399,40.0,8.0,0.07999999821186066,0.125,0.10999999940395355,0.19377602636814117,1.184156060218811,289.9485168457031,1.324029803276062,268.281494140625,250.23779296875,0.00032425770768895745,2.116204261779785,400.0,0.181416667997837
20170805.0,1.409999966621399,40.0,8.0,0.07999999821186066,0.125,0.10999999940395355,0.19377602636814117,1.184156060218811,291.4490966796875,1.3238919973373413,268.0225524902344,255.72686767578125,0.4201447665691376,1.5711807012557983,400.0,0.170541665827235
20170807.0,1.409999966621399,40.0,8.0,0.07999999821186066,0.125,0.10999999940395355,0.19377602636814117,1.184156060218811,288.5857849121094,1.3383694887161255,271.637451171875,256.2783203125,0.013643733225762844,1.6115431785583496,400.0,0.159250001733502
20170810.0,1.409999966621399,40.0,8.0,0.07999999821186066,0.125,0.10999999940395355,0.19377602636814117,1.184156060218811,289.8504333496094,1.361358404159546,275.02752685546875,263.4163513183594,0.0008523463038727641,1.5501726865768433,400.0,0.136708335950971
20170812.0,1.409999966621399,40.0,8.0,0.07999999821186066,0.125,0.10999999940395355,0.19377602636814117,1.184156060218811,291.9689636230469,1.3771246671676636,270.2107849121094,255.14187622070312,3.104188919067383,2.2241060733795166,400.0,0.124125001641611
20170813.0,1.409999966621399,40.0,8.0,0.07999999821186066,0.125,0.10999999940395355,0.19377602636814117,1.184156060218811,290.7362060546875,1.3854840993881226,272.2023620605469,258.0670166015625,0.0011403477983549237,1.6316641569137573,400.0,0.117374998517334
20170815.0,1.409999966621399,40.0,8.0,0.07999999821186066,0.125,0.10999999940395355,0.19377602636814117,1.184156060218811,289.41241455078125,1.40500009059906,264.195556640625,247.30355834960938,18.328659057617188,3.029496908187866,400.0,0.120086956607259
20170818.0,1.409999966621399,40.0,8.0,0.07999999821186066,0.125,0.10999999940395355,0.19377602636814117,1.184156060218811,291.54669189453125,1.43527352809906,268.4212646484375,249.59512329101562,0.0008653459954075515,2.485783576965332,400.0,0.122166667444011
20170820.0,1.409999966621399,40.0,8.0,0.07999999821186066,0.125,0.10999999940395355,0.19377602636814117,1.184156060218811,293.3352355957031,1.4575490951538086,275.35797119140625,261.87066650390625,0.2818090319633484,2.2178547382354736,400.0,0.10169565256523
20170821.0,1.409999966621399,40.0,8.0,0.07999999821186066,0.125,0.10999999940395355,0.19377602636814117,1.184156060218811,291.7816162109375,1.463937759399414,277.16204833984375,263.1559753417969,3.908597230911255,2.7950174808502197,400.0,0.0973333334550261
20170823.0,1.409999966621399,40.0,8.0,0.07999999821186066,0.125,0.10999999940395355,0.19377602636814117,1.184156060218811,293.4691162109375,1.443751573562622,276.549072265625,265.462890625,0.19723056256771088,2.0560245513916016,400.0,0.0913750007748604
20170826.0,1.409999966621399,40.0,8.0,0.07999999821186066,0.125,0.10999999940395355,0.19377602636814117,1.184156060218811,293.2387390136719,1.4123643636703491,266.92852783203125,247.550537109375,2.4173364639282227,2.1866815090179443,400.0,0.127583334222436
20170828.0,1.409999966621399,40.0,8.0,0.07999999821186066,0.125,0.10999999940395355,0.19377602636814117,1.184156060218811,294.5636291503906,1.389623999595642,272.69989013671875,258.19683837890625,0.00170469272416085,1.9494515657424927,400.0,0.111625000524024
20170829.0,1.409999966621399,40.0,8.0,0.07999999821186066,0.125,0.10999999940395355,0.19377602636814117,1.184156060218811,295.6075134277344,1.384425401687622,275.56536865234375,262.99176025390625,0.06062743440270424,1.781521201133728,400.0,0.104000000283122
20170903.0,1.409999966621399,40.0,8.0,0.07999999821186066,0.125,0.10999999940395355,0.19377602636814117,1.184156060218811,295.7558898925781,1.465099811553955,277.55072021484375,262.81024169921875,0.0,1.3845453262329102,400.0,0.0851666672776143
20170905.0,1.409999966621399,40.0,8.0,0.07999999821186066,0.125,0.10999999940395355,0.19377602636814117,1.184156060218811,285.7022399902344,1.501723289489746,273.33258056640625,261.60943603515625,0.000858306884765625,0.8690235018730164,400.0,0.0783750005066395
20170906.0,1.409999966621399,40.0,8.0,0.07999999821186066,0.125,0.10999999940395355,0.19377602636814117,1.184156060218811,286.4156799316406,1.5164515972137451,273.43060302734375,262.9563293457031,0.0008702276973053813,0.9715250134468079,400.0,0.0768750002607703
20170908.0,1.409999966621399,40.0,8.0,0.07999999821186066,0.125,0.10999999940395355,0.19377602636814117,1.184156060218811,291.89404296875,1.518935203552246,277.296875,265.123046875,1.1401962041854858,1.3142849206924438,400.0,0.0749166669944922
20170911.0,1.409999966621399,40.0,8.0,0.07999999821186066,0.125,0.10999999940395355,0.19377602636814117,1.184156060218811,295.2996520996094,1.5211176872253418,278.5435791015625,265.5265197753906,0.009520819410681725,0.9743989109992981,400.0,0.0733749999975165
20170913.0,1.409999966621399,40.0,8.0,0.07999999821186066,0.125,0.10999999940395355,0.19377602636814117,1.184156060218811,293.7659606933594,1.520715355873108,280.060791015625,265.10308837890625,1.3669501543045044,1.5574311017990112,400.0,0.0708750005190571
20170914.0,1.409999966621399,40.0,8.0,0.07999999821186066,0.125,0.10999999940395355,0.19377602636814117,1.184156060218811,291.1659240722656,1.5251643657684326,276.7842712402344,264.8836669921875,0.002684157807379961,0.8313104510307312,400.0,0.0692500000198682
20170916.0,1.409999966621399,40.0,8.0,0.07999999821186066,0.125,0.10999999940395355,0.19377602636814117,1.184156060218811,279.47381591796875,1.5662205219268799,244.5654296875,223.99267578125,3.9884986877441406,2.2584710121154785,400.0,0.181450000405312
20170919.0,1.409999966621399,40.0,8.0,0.07999999821186066,0.125,0.10999999940395355,0.19377602636814117,1.184156060218811,288.0025329589844,1.632240891456604,255.50717163085938,233.005615234375,14.666833877563477,2.3176841735839844,400.0,0.158761905062766
20170921.0,1.409999966621399,40.0,8.0,0.07999999821186066,0.125,0.10999999940395355,0.19377602636814117,1.184156060218811,286.5290222167969,1.680199146270752,253.98260498046875,230.38665771484375,0.24579618871212006,1.7308377027511597,400.0,0.181347828196443
20170922.0,1.409999966621399,40.0,8.0,0.07999999821186066,0.125,0.10999999940395355,0.19377602636814117,1.184156060218811,282.54132080078125,1.6994084119796753,255.51364135742188,235.36514282226562,0.5861162543296814,0.9218137264251709,400.0,0.170708332210779
20170924.0,1.409999966621399,40.0,8.0,0.07999999821186066,0.125,0.10999999940395355,0.19377602636814117,1.184156060218811,277.53759765625,1.7019683122634888,238.92007446289062,220.1136932373047,7.522723197937012,1.589237928390503,400.0,0.227708334103227
20170927.0,1.409999966621399,40.0,8.0,0.07999999821186066,0.125,0.10999999940395355,0.19377602636814117,1.184156060218811,280.8786315917969,1.703830361366272,243.1536865234375,220.76048278808594,0.10012307018041611,1.5172423124313354,400.0,0.209250001236796
20170929.0,1.409999966621399,40.0,8.0,0.07999999821186066,0.125,0.10999999940395355,0.19377602636814117,1.184156060218811,283.8558654785156,1.703619360923767,251.47035217285156,229.49989318847656,0.042301930487155914,1.2797335386276245,400.0,0.194458333154519
20170930.0,1.409999966621399,40.0,8.0,0.07999999821186066,0.125,0.10999999940395355,0.19377602636814117,1.184156060218811,286.2828063964844,1.706485390663147,253.39096069335938,230.71917724609375,0.008622758090496063,1.6884284019470215,400.0,0.189124998946985
20171002.0,1.409999966621399,40.0,8.0,0.07999999821186066,0.125,0.10999999940395355,0.19377602636814117,1.184156060218811,277.80810546875,1.732525110244751,241.30609130859375,222.28683471679688,3.0223560333251953,1.569288969039917,400.0,0.235749998440345
20171005.0,1.409999966621399,40.0,8.0,0.07999999821186066,0.125,0.10999999940395355,0.19377602636814117,1.184156060218811,281.98248291015625,1.7735742330551147,245.6555938720703,222.6680908203125,0.3621213734149933,1.0700808763504028,400.0,0.219631577008649
20171007.0,1.409999966621399,40.0,8.0,0.07999999821186066,0.125,0.10999999940395355,0.19377602636814117,1.184156060218811,283.0516357421875,1.803046464920044,245.86546325683594,224.80532836914062,0.000858306884765625,1.6115756034851074,400.0,0.240526316197295
20171008.0,1.409999966621399,40.0,8.0,0.07999999821186066,0.125,0.10999999940395355,0.19377602636814117,1.184156060218811,279.0150146484375,1.8140116930007935,248.56829833984375,225.03250122070312,3.8155391216278076,1.3170446157455444,400.0,0.23110000193119
20171010.0,1.409999966621399,40.0,8.0,0.07999999821186066,0.125,0.10999999940395355,0.19377602636814117,1.184156060218811,277.1815490722656,1.809311032295227,243.38638305664062,219.1152801513672,0.00043511379044502974,1.244808554649353,400.0,0.244590909643607
20171013.0,1.409999966621399,40.0,8.0,0.07999999821186066,0.125,0.10999999940395355,0.19377602636814117,1.184156060218811,278.2528076171875,1.800965666770935,249.52053833007812,227.33859252929688,0.008914773352444172,1.1586496829986572,400.0,0.224047621091207
20171015.0,1.409999966621399,40.0,8.0,0.07999999821186066,0.125,0.10999999940395355,0.19377602636814117,1.184156060218811,276.1220703125,1.7961781024932861,250.6681365966797,230.12509155273438,0.0,0.9701117277145386,400.0,0.216599999864896
20171016.0,1.409999966621399,40.0,8.0,0.07999999821186066,0.125,0.10999999940395355,0.19377602636814117,1.184156060218811,281.4369812011719,1.7902476787567139,250.68270874023438,229.0935516357422,0.001290440559387207,1.3235571384429932,400.0,0.213333333532015
20171018.0,1.409999966621399,40.0,8.0,0.07999999821186066,0.125,0.10999999940395355,0.19377602636814117,1.184156060218811,284.67169189453125,1.754873514175415,254.600341796875,234.89175415039062,0.0017367148539051414,1.2200791835784912,400.0,0.203583333020409
20171021.0,1.409999966621399,40.0,8.0,0.07999999821186066,0.125,0.10999999940395355,0.19377602636814117,1.184156060218811,281.6863708496094,1.7017228603363037,259.379638671875,241.99176025390625,0.4070495069026947,1.1256399154663086,400.0,0.186708332970738
20171023.0,1.409999966621399,40.0,8.0,0.07999999821186066,0.125,0.10999999940395355,0.19377602636814117,1.184156060218811,280.8291931152344,1.6635406017303467,259.79656982421875,243.251220703125,0.6411166191101074,1.1574517488479614,400.0,0.177166667456428
20171024.0,1.409999966621399,40.0,8.0,0.07999999821186066,0.125,0.10999999940395355,0.19377602636814117,1.184156060218811,278.2470703125,1.6554158926010132,258.3963623046875,240.80929565429688,0.0008523463038727641,0.8665452003479004,400.0,0.173352939241073
20171029.0,1.409999966621399,40.0,8.0,0.07999999821186066,0.125,0.10999999940395355,0.19377602636814117,1.184156060218811,278.2292785644531,1.805719017982483,260.8211669921875,244.767333984375,1.458186388015747,0.8857027888298035,400.0,0.166187496855855
20171116.0,1.409999966621399,40.0,8.0,0.07999999821186066,0.125,0.10999999940395355,0.19377602636814117,1.184156060218811,277.7272644042969,1.8133478164672852,252.5032501220703,232.5843048095703,0.0017258170992136002,0.9550746083259583,400.0,0.262952380237125
20171122.0,1.409999966621399,40.0,8.0,0.07999999821186066,0.125,0.10999999940395355,0.19377602636814117,1.184156060218811,276.7161560058594,1.7777432203292847,252.69747924804688,233.50547790527344,0.0,0.6638683080673218,400.0,0.262318181720647
20171124.0,1.409999966621399,40.0,8.0,0.07999999821186066,0.125,0.10999999940395355,0.19377602636814117,1.184156060218811,280.9086608886719,1.7619160413742065,253.19625854492188,235.6735076904297,0.8125864863395691,1.1786422729492188,400.0,0.264750003814697
20171125.0,1.409999966621399,40.0,8.0,0.07999999821186066,0.125,0.10999999940395355,0.19377602636814117,1.184156060218811,275.3829650878906,1.7540574073791504,253.96466064453125,235.93319702148438,0.0012934207916259766,0.6306446194648743,400.0,0.262708332389593
20171127.0,1.409999966621399,40.0,8.0,0.07999999821186066,0.125,0.10999999940395355,0.19377602636814117,1.184156060218811,283.4485778808594,1.738450288772583,250.13134765625,228.39263916015625,1.053321123123169,0.8710899949073792,400.0,0.256916665782531
20171202.0,1.409999966621399,40.0,8.0,0.07999999821186066,0.125,0.10999999940395355,0.19377602636814117,1.184156060218811,273.523193359375,1.7000744342803955,257.331787109375,239.32720947265625,0.0008523463038727641,0.48285189270973206,400.0,0.254428578274591
20171203.0,1.409999966621399,40.0,8.0,0.07999999821186066,0.125,0.10999999940395355,0.19377602636814117,1.184156060218811,276.33197021484375,1.6925091743469238,254.19155883789062,236.31655883789062,0.0042588477954268456,0.4759276807308197,400.0,0.257812506519258
20180423.0,1.409999966621399,40.0,8.0,0.07999999821186066,0.125,0.10999999940395355,0.19377602636814117,1.184156060218811,281.9671325683594,2.0017898082733154,243.9884033203125,221.35501098632812,7.222346782684326,1.6204235553741455,400.0,0.297045450318943
20180426.0,1.409999966621399,40.0,8.0,0.07999999821186066,0.125,0.10999999940395355,0.19377602636814117,1.184156060218811,280.8910217285156,1.9539761543273926,237.78509521484375,212.3818359375,0.03753684088587761,2.183072805404663,400.0,0.315791665265958
20180428.0,1.409999966621399,40.0,8.0,0.07999999821186066,0.125,0.10999999940395355,0.19377602636814117,1.184156060218811,284.1951599121094,1.922505259513855,243.93222045898438,220.60287475585938,0.0,3.024008274078369,400.0,0.290083332608144
20180501.0,1.409999966621399,40.0,8.0,0.07999999821186066,0.125,0.10999999940395355,0.19377602636814117,1.184156060218811,279.3571472167969,1.8761852979660034,252.51678466796875,238.31765747070312,3.902798891067505,1.9667768478393555,400.0,0.27984210691954
20180503.0,1.409999966621399,40.0,8.0,0.07999999821186066,0.125,0.10999999940395355,0.19377602636814117,1.184156060218811,281.1665954589844,1.8453001976013184,251.62075805664062,230.36764526367188,0.4701710343360901,2.2746641635894775,400.0,0.27691667030255
20180504.0,1.409999966621399,40.0,8.0,0.07999999821186066,0.125,0.10999999940395355,0.19377602636814117,1.184156060218811,284.1128845214844,1.8300468921661377,252.23495483398438,231.29820251464844,0.16710413992404938,2.934502601623535,400.0,0.269416667521
20180506.0,1.409999966621399,40.0,8.0,0.07999999821186066,0.125,0.10999999940395355,0.19377602636814117,1.184156060218811,286.7669982910156,1.799914002418518,257.5576171875,242.83599853515625,0.32056599855422974,2.986177921295166,400.0,0.250499999771516
20180509.0,1.409999966621399,40.0,8.0,0.07999999821186066,0.125,0.10999999940395355,0.19377602636814117,1.184156060218811,286.6676025390625,1.7552013397216797,251.5609130859375,233.0509033203125,0.013210046105086803,2.5290324687957764,400.0,0.240086952629297
20180512.0,1.409999966621399,40.0,8.0,0.07999999821186066,0.125,0.10999999940395355,0.19377602636814117,1.184156060218811,278.4493408203125,1.701470971107483,246.9512176513672,228.88250732421875,4.422788619995117,1.3642194271087646,400.0,0.292083337282141
20180514.0,1.409999966621399,40.0,8.0,0.07999999821186066,0.125,0.10999999940395355,0.19377602636814117,1.184156060218811,284.0902404785156,1.6663917303085327,245.69850158691406,225.8555908203125,1.5480648279190063,2.4505984783172607,400.0,0.299291665355365
20180517.0,1.409999966621399,40.0,8.0,0.07999999821186066,0.125,0.10999999940395355,0.19377602636814117,1.184156060218811,291.6082763671875,1.6143192052841187,257.75537109375,236.25445556640625,2.0457165241241455,3.2775635719299316,400.0,0.252041665837169
20180519.0,1.409999966621399,40.0,8.0,0.07999999821186066,0.125,0.10999999940395355,0.19377602636814117,1.184156060218811,280.3982238769531,1.5662171840667725,252.45779418945312,238.95379638671875,3.052410840988159,2.408484697341919,400.0,0.251318181102926
20180520.0,1.409999966621399,40.0,8.0,0.07999999821186066,0.125,0.10999999940395355,0.19377602636814117,1.184156060218811,282.06121826171875,1.5428099632263184,250.97039794921875,232.58956909179688,0.000858306884765625,2.5387675762176514,400.0,0.270863637328148
20180522.0,1.409999966621399,40.0,8.0,0.07999999821186066,0.125,0.10999999940395355,0.19377602636814117,1.184156060218811,289.8857116699219,1.496650218963623,260.1875,241.53399658203125,2.01594614982605,3.0142531394958496,400.0,0.238478260195774
20180525.0,1.409999966621399,40.0,8.0,0.07999999821186066,0.125,0.10999999940395355,0.19377602636814117,1.184156060218811,290.98748779296875,1.4315094947814941,265.8511962890625,248.26808166503906,0.008893693797290325,3.3215131759643555,400.0,0.238375000034769
20180527.0,1.409999966621399,40.0,8.0,0.07999999821186066,0.125,0.10999999940395355,0.19377602636814117,1.184156060218811,293.3013000488281,1.400888442993164,271.18975830078125,255.67807006835938,0.01046287827193737,2.432363986968994,400.0,0.185333332667748
20180528.0,1.409999966621399,40.0,8.0,0.07999999821186066,0.125,0.10999999940395355,0.19377602636814117,1.184156060218811,289.2494201660156,1.3859295845031738,256.9100646972656,239.38369750976562,20.47563362121582,3.3313724994659424,400.0,0.1941666683803
20180530.0,1.409999966621399,40.0,8.0,0.07999999821186066,0.125,0.10999999940395355,0.19377602636814117,1.184156060218811,288.1141052246094,1.357094407081604,249.24676513671875,229.99249267578125,2.5518102645874023,4.246338367462158,400.0,0.333125000198682
20180602.0,1.409999966621399,40.0,8.0,0.07999999821186066,0.125,0.10999999940395355,0.19377602636814117,1.184156060218811,285.44976806640625,1.3170603513717651,252.49798583984375,229.50535583496094,0.026973454281687737,3.7324130535125732,400.0,0.258874999980132
20180604.0,1.409999966621399,40.0,8.0,0.07999999821186066,0.125,0.10999999940395355,0.19377602636814117,1.184156060218811,292.15936279296875,1.3144199848175049,262.73175048828125,244.2804718017578,0.019933173432946205,4.177198886871338,400.0,0.21416666607062
20180605.0,1.409999966621399,40.0,8.0,0.07999999821186066,0.125,0.10999999940395355,0.19377602636814117,1.184156060218811,293.5426940917969,1.3131030797958374,267.9847412109375,249.66146850585938,0.029092196375131607,3.994450569152832,400.0,0.187375000367562
20180607.0,1.409999966621399,40.0,8.0,0.07999999821186066,0.125,0.10999999940395355,0.19377602636814117,1.184156060218811,293.591552734375,1.3115355968475342,272.71380615234375,257.80181884765625,2.983914613723755,3.2136998176574707,400.0,0.157541666800777
20180610.0,1.409999966621399,40.0,8.0,0.07999999821186066,0.125,0.10999999940395355,0.19377602636814117,1.184156060218811,295.8397216796875,1.3083256483078003,269.74420166015625,249.9801025390625,0.28390830755233765,4.330532550811768,400.0,0.133875000601014
20180612.0,1.409999966621399,40.0,8.0,0.07999999821186066,0.125,0.10999999940395355,0.19377602636814117,1.184156060218811,286.83953857421875,1.2948064804077148,269.2885437011719,255.39019775390625,0.002579514402896166,3.3933026790618896,400.0,0.120416666691502
20180613.0,1.409999966621399,40.0,8.0,0.07999999821186066,0.125,0.10999999940395355,0.19377602636814117,1.184156060218811,289.3544921875,1.2881357669830322,272.58258056640625,259.4590759277344,0.0008523463038727641,3.7139370441436768,400.0,0.116041665586332
20180615.0,1.409999966621399,40.0,8.0,0.07999999821186066,0.125,0.10999999940395355,0.19377602636814117,1.184156060218811,293.1886901855469,1.2744227647781372,275.277099609375,262.4743347167969,0.9331931471824646,3.1869957447052,400.0,0.109875000392397
20180618.0,1.409999966621399,40.0,8.0,0.07999999821186066,0.125,0.10999999940395355,0.19377602636814117,1.184156060218811,284.2370300292969,1.2557833194732666,253.1326446533203,234.49319458007812,11.750570297241211,2.6466619968414307,400.0,0.277499997367462
20180620.0,1.409999966621399,40.0,8.0,0.07999999821186066,0.125,0.10999999940395355,0.19377602636814117,1.184156060218811,285.1654968261719,1.2647384405136108,247.00173950195312,225.41122436523438,17.099884033203125,3.3171002864837646,400.0,0.325583332528671
20180621.0,1.409999966621399,40.0,8.0,0.07999999821186066,0.125,0.10999999940395355,0.19377602636814117,1.184156060218811,288.186767578125,1.2692596912384033,249.56613159179688,227.75125122070312,0.023131178691983223,3.415328025817871,400.0,0.304791666567326
20180626.0,1.409999966621399,40.0,8.0,0.07999999821186066,0.125,0.10999999940395355,0.19377602636814117,1.184156060218811,292.7472229003906,1.2943679094314575,251.47735595703125,226.44940185546875,0.9974398612976074,4.062960624694824,400.0,0.293333331743876
20180628.0,1.409999966621399,40.0,8.0,0.07999999821186066,0.125,0.10999999940395355,0.19377602636814117,1.184156060218811,295.119873046875,1.2994129657745361,262.08966064453125,239.57156372070312,0.0009053906542249024,4.165023326873779,400.0,0.257999999448657
20180701.0,1.409999966621399,40.0,8.0,0.07999999821186066,0.125,0.10999999940395355,0.19377602636814117,1.184156060218811,288.3409118652344,1.3068422079086304,256.9892883300781,236.06813049316406,0.08639287948608398,3.6168713569641113,400.0,0.272749997675419
20180704.0,1.409999966621399,40.0,8.0,0.07999999821186066,0.125,0.10999999940395355,0.19377602636814117,1.184156060218811,290.5433654785156,1.3136624097824097,263.5229797363281,245.73666381835938,7.653360843658447,4.277678489685059,400.0,0.212000001221895
20180706.0,1.409999966621399,40.0,8.0,0.07999999821186066,0.125,0.10999999940395355,0.19377602636814117,1.184156060218811,296.18829345703125,1.3091601133346558,269.6809387207031,250.43045043945312,0.018696589395403862,4.429759979248047,400.0,0.18150000150005
20180707.0,1.409999966621399,40.0,8.0,0.07999999821186066,0.125,0.10999999940395355,0.19377602636814117,1.184156060218811,298.6893005371094,1.3069186210632324,273.94097900390625,258.07794189453125,1.1406375169754028,4.37393045425415,400.0,0.163999999562899
20180709.0,1.409999966621399,40.0,8.0,0.07999999821186066,0.125,0.10999999940395355,0.19377602636814117,1.184156060218811,296.90155029296875,1.3020237684249878,275.0888671875,261.4659729003906,0.5970422029495239,3.4712321758270264,400.0,0.14295833495756
20180712.0,1.409999966621399,40.0,8.0,0.07999999821186066,0.125,0.10999999940395355,0.19377602636814117,1.184156060218811,292.943115234375,1.2955776453018188,262.65606689453125,247.4512939453125,13.892909049987793,3.694126844406128,400.0,0.137166667108734
20180714.0,1.409999966621399,40.0,8.0,0.07999999821186066,0.125,0.10999999940395355,0.19377602636814117,1.184156060218811,296.9993591308594,1.303407907485962,270.84637451171875,256.158203125,0.5268564224243164,4.0887861251831055,400.0,0.132791668176651
20180715.0,1.409999966621399,40.0,8.0,0.07999999821186066,0.125,0.10999999940395355,0.19377602636814117,1.184156060218811,292.94415283203125,1.307353138923645,261.6888732910156,243.3238067626953,3.4506773948669434,3.8603129386901855,400.0,0.183958332364758
20180717.0,1.409999966621399,40.0,8.0,0.07999999821186066,0.125,0.10999999940395355,0.19377602636814117,1.184156060218811,293.9736633300781,1.3158780336380005,268.1286926269531,250.34930419921875,1.890398383140564,3.1644349098205566,400.0,0.187541666751107
20180720.0,1.409999966621399,40.0,8.0,0.07999999821186066,0.125,0.10999999940395355,0.19377602636814117,1.184156060218811,292.69342041015625,1.3281465768814087,269.9725341796875,251.97018432617188,0.08245273679494858,3.2609055042266846,400.0,0.229291665057341
20180722.0,1.409999966621399,40.0,8.0,0.07999999821186066,0.125,0.10999999940395355,0.19377602636814117,1.184156060218811,295.12506103515625,1.3267922401428223,274.345947265625,258.5812072753906,0.0028906872030347586,3.1713597774505615,400.0,0.187041665737828
20180723.0,1.409999966621399,40.0,8.0,0.07999999821186066,0.125,0.10999999940395355,0.19377602636814117,1.184156060218811,292.8992919921875,1.3261159658432007,272.7220458984375,257.22064208984375,0.0175066776573658,3.159283399581909,400.0,0.166500000904004
20180725.0,1.409999966621399,40.0,8.0,0.07999999821186066,0.125,0.10999999940395355,0.19377602636814117,1.184156060218811,292.95013427734375,1.324324607849121,272.7042541503906,258.08599853515625,1.2696540355682373,2.930006980895996,400.0,0.221739130175632
20180728.0,1.409999966621399,40.0,8.0,0.07999999821186066,0.125,0.10999999940395355,0.19377602636814117,1.184156060218811,289.3415222167969,1.3221023082733154,265.3908386230469,249.13369750976562,11.146889686584473,2.909144163131714,400.0,0.188708332677682
20180730.0,1.409999966621399,40.0,8.0,0.07999999821186066,0.125,0.10999999940395355,0.19377602636814117,1.184156060218811,288.21234130859375,1.3269081115722656,263.12738037109375,244.36158752441406,0.42176273465156555,3.2386178970336914,400.0,0.282956519852514
20180731.0,1.409999966621399,40.0,8.0,0.07999999821186066,0.125,0.10999999940395355,0.19377602636814117,1.184156060218811,291.6518249511719,1.3293217420578003,266.4595947265625,250.70956420898438,0.0004410743713378906,3.5759003162384033,400.0,0.254166667039196
20180802.0,1.409999966621399,40.0,8.0,0.07999999821186066,0.125,0.10999999940395355,0.19377602636814117,1.184156060218811,295.058349609375,1.3344577550888062,274.74615478515625,260.3511962890625,0.8979106545448303,3.5069000720977783,400.0,0.216374999533097
20180805.0,1.409999966621399,40.0,8.0,0.07999999821186066,0.125,0.10999999940395355,0.19377602636814117,1.184156060218811,290.79559326171875,1.342041015625,269.6535949707031,256.01959228515625,0.8956599831581116,2.471344232559204,400.0,0.213000000200488
20180807.0,1.409999966621399,40.0,8.0,0.07999999821186066,0.125,0.10999999940395355,0.19377602636814117,1.184156060218811,291.2822265625,1.3448294401168823,261.47222900390625,246.473876953125,0.000852346362080425,2.9053006172180176,400.0,0.265208331247171
20180808.0,1.409999966621399,40.0,8.0,0.07999999821186066,0.125,0.10999999940395355,0.19377602636814117,1.184156060218811,294.06854248046875,1.3462270498275757,270.89794921875,251.47976684570312,0.0008556112297810614,3.0543220043182373,400.0,0.244374999155601
20180810.0,1.409999966621399,40.0,8.0,0.07999999821186066,0.125,0.10999999940395355,0.19377602636814117,1.184156060218811,296.0141906738281,1.3488847017288208,276.9781799316406,260.56512451171875,0.0,2.838639259338379,400.0,0.200250000382463
20180813.0,1.409999966621399,40.0,8.0,0.07999999821186066,0.125,0.10999999940395355,0.19377602636814117,1.184156060218811,296.6814270019531,1.3538559675216675,280.0628662109375,267.58868408203125,0.004067438654601574,1.9595204591751099,400.0,0.14795833081007
20180815.0,1.409999966621399,40.0,8.0,0.07999999821186066,0.125,0.10999999940395355,0.19377602636814117,1.184156060218811,289.94622802734375,1.371854305267334,254.97003173828125,233.49270629882812,9.80493450164795,3.3606173992156982,400.0,0.246999999508262
20180816.0,1.409999966621399,40.0,8.0,0.07999999821186066,0.125,0.10999999940395355,0.19377602636814117,1.184156060218811,292.1995544433594,1.3809893131256104,259.5269775390625,240.51678466796875,0.000859236519318074,2.699880599975586,400.0,0.268958333879709
20180818.0,1.409999966621399,40.0,8.0,0.07999999821186066,0.125,0.10999999940395355,0.19377602636814117,1.184156060218811,293.1717529296875,1.4002912044525146,268.6780090332031,249.81524658203125,4.95257043838501,2.008843421936035,400.0,0.226666666567326
20180821.0,1.409999966621399,40.0,8.0,0.07999999821186066,0.125,0.10999999940395355,0.19377602636814117,1.184156060218811,285.35577392578125,1.4279013872146606,247.93365478515625,226.19461059570312,7.81844425201416,2.392275094985962,400.0,0.324166667958101
20180823.0,1.409999966621399,40.0,8.0,0.07999999821186066,0.125,0.10999999940395355,0.19377602636814117,1.184156060218811,291.18438720703125,1.416317105293274,257.4558410644531,234.1800994873047,3.493993043899536,3.316669225692749,400.0,0.292208336293697
20180824.0,1.409999966621399,40.0,8.0,0.07999999821186066,0.125,0.10999999940395355,0.19377602636814117,1.184156060218811,290.9774475097656,1.4105746746063232,259.6480712890625,238.1429443359375,0.0,3.2603185176849365,400.0,0.277500001092752
20180826.0,1.409999966621399,40.0,8.0,0.07999999821186066,0.125,0.10999999940395355,0.19377602636814117,1.184156060218811,291.62408447265625,1.3977861404418945,265.26190185546875,248.3243408203125,0.5893878936767578,2.786412239074707,400.0,0.246333331490556
20180829.0,1.409999966621399,40.0,8.0,0.07999999821186066,0.125,0.10999999940395355,0.19377602636814117,1.184156060218811,286.2043762207031,1.3813368082046509,268.27252197265625,254.51016235351562,0.00042617321014404297,2.646573781967163,400.0,0.213916666184862
20180831.0,1.409999966621399,40.0,8.0,0.07999999821186066,0.125,0.10999999940395355,0.19377602636814117,1.184156060218811,291.5353088378906,1.4054170846939087,272.93365478515625,258.7042236328125,0.1365564614534378,2.5558745861053467,400.0,0.189374999453624
20180901.0,1.409999966621399,40.0,8.0,0.07999999821186066,0.125,0.10999999940395355,0.19377602636814117,1.184156060218811,290.1656799316406,1.4176851511001587,271.78424072265625,258.49407958984375,0.006378584541380405,2.6735408306121826,400.0,0.178166666999459
20180903.0,1.409999966621399,40.0,8.0,0.07999999821186066,0.125,0.10999999940395355,0.19377602636814117,1.184156060218811,292.4862365722656,1.4443432092666626,274.720703125,260.96044921875,0.0021517276763916016,2.560225009918213,400.0,0.163708333546917
20180906.0,1.409999966621399,40.0,8.0,0.07999999821186066,0.125,0.10999999940395355,0.19377602636814117,1.184156060218811,292.0932312011719,1.4845843315124512,275.40655517578125,261.1734924316406,0.005300871096551418,2.1826624870300293,400.0,0.150791666780909
20180908.0,1.409999966621399,40.0,8.0,0.07999999821186066,0.125,0.10999999940395355,0.19377602636814117,1.184156060218811,292.9541320800781,1.4988418817520142,275.9118347167969,264.2879638671875,0.7357592582702637,1.9896780252456665,400.0,0.14120833389461
20180909.0,1.409999966621399,40.0,8.0,0.07999999821186066,0.125,0.10999999940395355,0.19377602636814117,1.184156060218811,291.0811462402344,1.5060368776321411,274.0753173828125,260.69000244140625,1.5682677030563354,2.1737003326416016,400.0,0.138166666030884
20180911.0,1.409999966621399,40.0,8.0,0.07999999821186066,0.125,0.10999999940395355,0.19377602636814117,1.184156060218811,292.9262390136719,1.5199238061904907,276.178955078125,263.78607177734375,0.0004410743713378906,1.9750856161117554,400.0,0.134333335484068
20180914.0,1.409999966621399,40.0,8.0,0.07999999821186066,0.125,0.10999999940395355,0.19377602636814117,1.184156060218811,290.4444885253906,1.5419610738754272,276.36968994140625,263.8970642089844,0.0023001758381724358,1.4160000085830688,400.0,0.127833334108194
20180916.0,1.409999966621399,40.0,8.0,0.07999999821186066,0.125,0.10999999940395355,0.19377602636814117,1.184156060218811,294.5348205566406,1.5698180198669434,275.962890625,263.688720703125,0.02516362816095352,1.466875672340393,400.0,0.125458335193495
20180917.0,1.409999966621399,40.0,8.0,0.07999999821186066,0.125,0.10999999940395355,0.19377602636814117,1.184156060218811,291.21026611328125,1.583974003791809,276.7890930175781,262.388916015625,0.0,1.3235976696014404,400.0,0.123291667861243
20180919.0,1.409999966621399,40.0,8.0,0.07999999821186066,0.125,0.10999999940395355,0.19377602636814117,1.184156060218811,286.1129455566406,1.6134625673294067,275.9377746582031,261.36419677734375,20.056110382080078,1.6968541145324707,400.0,0.119333333956699
20180922.0,1.409999966621399,40.0,8.0,0.07999999821186066,0.125,0.10999999940395355,0.19377602636814117,1.184156060218811,288.03472900390625,1.655849575996399,252.06219482421875,230.93862915039062,0.0,2.523707389831543,400.0,0.250166664520899
20180924.0,1.409999966621399,40.0,8.0,0.07999999821186066,0.125,0.10999999940395355,0.19377602636814117,1.184156060218811,284.3708190917969,1.639679193496704,258.04595947265625,238.90321350097656,6.1291937828063965,1.955476999282837,400.0,0.217250000685453
20180925.0,1.409999966621399,40.0,8.0,0.07999999821186066,0.125,0.10999999940395355,0.19377602636814117,1.184156060218811,279.3713073730469,1.6316611766815186,254.69613647460938,237.1658935546875,6.296176910400391,2.744323253631592,400.0,0.228291666135192
20180927.0,1.409999966621399,40.0,8.0,0.07999999821186066,0.125,0.10999999940395355,0.19377602636814117,1.184156060218811,280.8687744140625,1.613632082939148,257.41168212890625,238.10903930664062,1.2691470384597778,0.8503283858299255,400.0,0.222625001644095
20180930.0,1.409999966621399,40.0,8.0,0.07999999821186066,0.125,0.10999999940395355,0.19377602636814117,1.184156060218811,278.69085693359375,1.5915967226028442,249.99951171875,230.77606201171875,1.4762547016143799,0.917007327079773,400.0,0.299937501549721
20181002.0,1.409999966621399,40.0,8.0,0.07999999821186066,0.125,0.10999999940395355,0.19377602636814117,1.184156060218811,286.3343811035156,1.6443729400634766,254.17218017578125,231.477294921875,0.637685239315033,1.9377946853637695,400.0,0.300416665772597
20181003.0,1.409999966621399,40.0,8.0,0.07999999821186066,0.125,0.10999999940395355,0.19377602636814117,1.184156060218811,286.0657043457031,1.6715054512023926,255.37359619140625,237.19552612304688,0.46326568722724915,1.116784930229187,400.0,0.287750003238519
20181005.0,1.409999966621399,40.0,8.0,0.07999999821186066,0.125,0.10999999940395355,0.19377602636814117,1.184156060218811,277.04034423828125,1.7306523323059082,254.0682373046875,236.9596405029297,2.0829215049743652,1.1067368984222412,400.0,0.267214289733342
20181013.0,1.409999966621399,40.0,8.0,0.07999999821186066,0.125,0.10999999940395355,0.19377602636814117,1.184156060218811,275.2135925292969,1.8071708679199219,239.52369689941406,219.58633422851562,6.993076324462891,0.6239124536514282,400.0,0.35099999491985
20181018.0,1.409999966621399,40.0,8.0,0.07999999821186066,0.125,0.10999999940395355,0.19377602636814117,1.184156060218811,281.22393798828125,1.7925028800964355,240.63255310058594,219.29550170898438,0.0008511565392836928,1.4086933135986328,400.0,0.342374997834365
20181019.0,1.409999966621399,40.0,8.0,0.07999999821186066,0.125,0.10999999940395355,0.19377602636814117,1.184156060218811,280.445068359375,1.7897920608520508,242.91421508789062,219.53494262695312,0.0,1.2524526119232178,400.0,0.325250001003345
20181021.0,1.409999966621399,40.0,8.0,0.07999999821186066,0.125,0.10999999940395355,0.19377602636814117,1.184156060218811,282.9830017089844,1.784295916557312,244.93014526367188,224.29229736328125,0.0008523463038727641,1.2404298782348633,400.0,0.311708331108093
20181024.0,1.409999966621399,40.0,8.0,0.07999999821186066,0.125,0.10999999940395355,0.19377602636814117,1.184156060218811,284.1256408691406,1.778709053993225,250.16375732421875,229.32852172851562,0.027353817597031593,1.3361477851867676,400.0,0.291500003387531
20181026.0,1.409999966621399,40.0,8.0,0.07999999821186066,0.125,0.10999999940395355,0.19377602636814117,1.184156060218811,280.35101318359375,1.8150712251663208,251.71102905273438,232.10305786132812,0.0,1.1627421379089355,400.0,0.279000001649062
20181027.0,1.409999966621399,40.0,8.0,0.07999999821186066,0.125,0.10999999940395355,0.19377602636814117,1.184156060218811,281.3324890136719,1.8335338830947876,254.272705078125,235.80885314941406,1.1015357971191406,1.0519239902496338,400.0,0.278166665385167
20181029.0,1.409999966621399,40.0,8.0,0.07999999821186066,0.125,0.10999999940395355,0.19377602636814117,1.184156060218811,281.1285095214844,1.8730148077011108,250.97256469726562,229.85910034179688,0.511194109916687,0.7513952851295471,400.0,0.291083333392938
20181101.0,1.409999966621399,40.0,8.0,0.07999999821186066,0.125,0.10999999940395355,0.19377602636814117,1.184156060218811,274.6881103515625,1.930198073387146,252.28158569335938,231.907470703125,1.5303575992584229,0.9760740399360657,400.0,0.2796470645596
20181122.0,1.409999966621399,40.0,8.0,0.07999999821186066,0.125,0.10999999940395355,0.19377602636814117,1.184156060218811,276.5688171386719,1.907084345817566,246.96385192871094,225.91952514648438,0.001987820491194725,1.2716928720474243,400.0,0.313291665166616
20181130.0,1.409999966621399,40.0,8.0,0.07999999821186066,0.125,0.10999999940395355,0.19377602636814117,1.184156060218811,273.224609375,2.0147995948791504,250.00509643554688,233.51043701171875,1.1432874202728271,0.3499198257923126,400.0,0.321538459796172
20190407.0,1.409999966621399,40.0,8.0,0.07999999821186066,0.125,0.10999999940395355,0.19377602636814117,1.184156060218811,281.56915283203125,2.1811201572418213,239.09510803222656,217.71713256835938,2.5912821292877197,2.658285617828369,400.0,0.394416667521
20190418.0,1.409999966621399,40.0,8.0,0.07999999821186066,0.125,0.10999999940395355,0.19377602636814117,1.184156060218811,277.6307678222656,1.9706169366836548,236.47885131835938,215.81826782226562,1.3338878154754639,2.321749210357666,400.0,0.359043477670006
20190420.0,1.409999966621399,40.0,8.0,0.07999999821186066,0.125,0.10999999940395355,0.19377602636814117,1.184156060218811,286.4200439453125,1.9571951627731323,235.59075927734375,214.09646606445312,1.4830304384231567,2.7920944690704346,400.0,0.352125002692143
20190421.0,1.409999966621399,40.0,8.0,0.07999999821186066,0.125,0.10999999940395355,0.19377602636814117,1.184156060218811,281.836181640625,1.9506127834320068,244.04373168945312,224.2193603515625,6.462562561035156,1.6186734437942505,400.0,0.34320833409826
20190423.0,1.409999966621399,40.0,8.0,0.07999999821186066,0.125,0.10999999940395355,0.19377602636814117,1.184156060218811,282.04052734375,1.9375110864639282,238.87062072753906,213.4873046875,0.0008523463038727641,2.364802360534668,400.0,0.340458328525225
20190426.0,1.409999966621399,40.0,8.0,0.07999999821186066,0.125,0.10999999940395355,0.19377602636814117,1.184156060218811,279.2298583984375,1.9274065494537354,241.71463012695312,220.21481323242188,1.3169207572937012,2.150938034057617,400.0,0.328363633968613
20190428.0,1.409999966621399,40.0,8.0,0.07999999821186066,0.125,0.10999999940395355,0.19377602636814117,1.184156060218811,277.99566650390625,1.9210050106048584,238.68980407714844,216.75193786621094,1.410668969154358,1.8213059902191162,400.0,0.342999996741613
20190504.0,1.409999966621399,40.0,8.0,0.07999999821186066,0.125,0.10999999940395355,0.19377602636814117,1.184156060218811,279.3029479980469,1.8849245309829712,238.76654052734375,213.99609375,0.7121461629867554,2.2871971130371094,400.0,0.345583332081636
20190507.0,1.409999966621399,40.0,8.0,0.07999999821186066,0.125,0.10999999940395355,0.19377602636814117,1.184156060218811,277.3681640625,1.8588167428970337,242.3148193359375,226.62857055664062,3.31819748878479,1.3126801252365112,400.0,0.353086954873541
20190512.0,1.409999966621399,40.0,8.0,0.07999999821186066,0.125,0.10999999940395355,0.19377602636814117,1.184156060218811,279.3670959472656,1.8169301748275757,238.1138153076172,215.58729553222656,0.00043511379044502974,2.698533535003662,400.0,0.354541665563981
20190514.0,1.409999966621399,40.0,8.0,0.07999999821186066,0.125,0.10999999940395355,0.19377602636814117,1.184156060218811,286.4418029785156,1.8006993532180786,243.73641967773438,223.72967529296875,0.7649527192115784,3.0508673191070557,400.0,0.324956516856733
20190515.0,1.409999966621399,40.0,8.0,0.07999999821186066,0.125,0.10999999940395355,0.19377602636814117,1.184156060218811,289.227783203125,1.7923563718795776,248.69808959960938,226.90541076660156,0.2594078481197357,3.449575662612915,400.0,0.353173912867256
20190517.0,1.409999966621399,40.0,8.0,0.07999999821186066,0.125,0.10999999940395355,0.19377602636814117,1.184156060218811,284.15869140625,1.7757891416549683,251.85321044921875,237.3417510986328,4.945216178894043,2.544631242752075,400.0,0.344041662911574
20190523.0,1.409999966621399,40.0,8.0,0.07999999821186066,0.125,0.10999999940395355,0.19377602636814117,1.184156060218811,276.05413818359375,1.6901038885116577,244.37271118164062,230.65687561035156,0.6098330616950989,0.6698061227798462,400.0,0.349388894107607
20190525.0,1.409999966621399,40.0,8.0,0.07999999821186066,0.125,0.10999999940395355,0.19377602636814117,1.184156060218811,281.0715637207031,1.662933349609375,236.11993408203125,217.04977416992188,0.3142560124397278,2.552947759628296,400.0,0.39240909029137
20190528.0,1.409999966621399,40.0,8.0,0.07999999821186066,0.125,0.10999999940395355,0.19377602636814117,1.184156060218811,280.38592529296875,1.6490691900253296,236.90875244140625,221.18206787109375,7.9925432205200195,2.504676342010498,400.0,0.396500000109275
20190530.0,1.409999966621399,40.0,8.0,0.07999999821186066,0.125,0.10999999940395355,0.19377602636814117,1.184156060218811,285.7578125,1.6408300399780273,239.84408569335938,218.274169921875,0.10894488543272018,3.3958423137664795,400.0,0.343541666865349
20190531.0,1.409999966621399,40.0,8.0,0.07999999821186066,0.125,0.10999999940395355,0.19377602636814117,1.184156060218811,287.68048095703125,1.6354738473892212,242.33004760742188,221.58938598632812,0.7569805383682251,3.3381173610687256,400.0,0.325750002016624
20190602.0,1.409999966621399,40.0,8.0,0.07999999821186066,0.125,0.10999999940395355,0.19377602636814117,1.184156060218811,289.23504638671875,1.6248211860656738,249.69912719726562,229.88742065429688,1.529634714126587,3.486086130142212,400.0,0.294874999672174
20190605.0,1.409999966621399,40.0,8.0,0.07999999821186066,0.125,0.10999999940395355,0.19377602636814117,1.184156060218811,289.185791015625,1.5295257568359375,258.85516357421875,241.02310180664062,0.15160253643989563,3.4127118587493896,400.0,0.21962499866883
20190607.0,1.409999966621399,40.0,8.0,0.07999999821186066,0.125,0.10999999940395355,0.19377602636814117,1.184156060218811,294.64776611328125,1.467528223991394,261.34783935546875,243.61309814453125,0.6804778575897217,4.174525260925293,400.0,0.177291667088866
20190608.0,1.409999966621399,40.0,8.0,0.07999999821186066,0.125,0.10999999940395355,0.19377602636814117,1.184156060218811,285.749755859375,1.4388341903686523,262.4837951660156,249.2159881591797,4.113390922546387,2.317666530609131,400.0,0.164416667694847
20190610.0,1.409999966621399,40.0,8.0,0.07999999821186066,0.125,0.10999999940395355,0.19377602636814117,1.184156060218811,284.62841796875,1.3837467432022095,258.8876953125,240.05078125,0.022326694801449776,3.183941125869751,400.0,0.162333333243926
20190613.0,1.409999966621399,40.0,8.0,0.07999999821186066,0.125,0.10999999940395355,0.19377602636814117,1.184156060218811,288.87152099609375,1.3676183223724365,257.62255859375,239.42288208007812,0.04503905773162842,3.65014910697937,400.0,0.179250001286467
20190615.0,1.409999966621399,40.0,8.0,0.07999999821186066,0.125,0.10999999940395355,0.19377602636814117,1.184156060218811,289.5019226074219,1.3588777780532837,262.03619384765625,247.7034912109375,0.055855315178632736,3.2491745948791504,400.0,0.163333333407839
20190616.0,1.409999966621399,40.0,8.0,0.07999999821186066,0.125,0.10999999940395355,0.19377602636814117,1.184156060218811,288.4903869628906,1.354317307472229,266.30126953125,249.34378051757812,0.49649369716644287,2.928898334503174,400.0,0.155666667347153
20190618.0,1.409999966621399,40.0,8.0,0.07999999821186066,0.125,0.10999999940395355,0.19377602636814117,1.184156060218811,288.342041015625,1.3452672958374023,266.05023193359375,250.582275390625,4.750657558441162,2.8851866722106934,400.0,0.1457916640987
20190725.0,1.409999966621399,40.0,8.0,0.07999999821186066,0.125,0.10999999940395355,0.19377602636814117,1.184156060218811,293.7992248535156,1.2699991464614868,266.64141845703125,250.65464782714844,0.0012755393981933594,4.0195770263671875,400.0,0.239166665822268
20190726.0,1.409999966621399,40.0,8.0,0.07999999821186066,0.125,0.10999999940395355,0.19377602636814117,1.184156060218811,294.0256652832031,1.2650383710861206,270.07769775390625,254.35507202148438,0.15665386617183685,4.110313892364502,400.0,0.22525000013411
20190728.0,1.409999966621399,40.0,8.0,0.07999999821186066,0.125,0.10999999940395355,0.19377602636814117,1.184156060218811,291.8304443359375,1.2552220821380615,268.19036865234375,253.51840209960938,5.272470474243164,4.771792888641357,400.0,0.21654166529576
20190731.0,1.409999966621399,40.0,8.0,0.07999999821186066,0.125,0.10999999940395355,0.19377602636814117,1.184156060218811,295.0872497558594,1.2696746587753296,260.939697265625,243.19171142578125,0.025133099406957626,3.602320909500122,400.0,0.27394999936223
20190802.0,1.409999966621399,40.0,8.0,0.07999999821186066,0.125,0.10999999940395355,0.19377602636814117,1.184156060218811,294.15985107421875,1.280399203300476,263.80126953125,246.61520385742188,0.0391487181186676,3.422839403152466,400.0,0.266541668524345
20190803.0,1.409999966621399,40.0,8.0,0.07999999821186066,0.125,0.10999999940395355,0.19377602636814117,1.184156060218811,294.7542419433594,1.2854892015457153,268.77191162109375,252.23944091796875,0.5341029167175293,3.6714301109313965,400.0,0.252458333969116
20190805.0,1.409999966621399,40.0,8.0,0.07999999821186066,0.125,0.10999999940395355,0.19377602636814117,1.184156060218811,295.4921875,1.295775294303894,270.14654541015625,250.49053955078125,0.24983510375022888,3.2469067573547363,400.0,0.222833334778746
20190808.0,1.409999966621399,40.0,8.0,0.07999999821186066,0.125,0.10999999940395355,0.19377602636814117,1.184156060218811,293.7043151855469,1.2904797792434692,274.1182861328125,260.85357666015625,0.40999284386634827,3.0441031455993652,400.0,0.183958333606521
20190810.0,1.409999966621399,40.0,8.0,0.07999999821186066,0.125,0.10999999940395355,0.19377602636814117,1.184156060218811,293.6914367675781,1.2863314151763916,269.1559753417969,249.48077392578125,0.5598152279853821,3.3970773220062256,400.0,0.188791666179895
20190811.0,1.409999966621399,40.0,8.0,0.07999999821186066,0.125,0.10999999940395355,0.19377602636814117,1.184156060218811,293.0233154296875,1.284528136253357,257.95745849609375,241.37445068359375,11.867341041564941,3.8792686462402344,400.0,0.281500001127521
20190813.0,1.409999966621399,40.0,8.0,0.07999999821186066,0.125,0.10999999940395355,0.19377602636814117,1.184156060218811,288.708251953125,1.2809345722198486,262.062744140625,243.24542236328125,0.1427541971206665,2.7870888710021973,400.0,0.253958332041899
20190816.0,1.409999966621399,40.0,8.0,0.07999999821186066,0.125,0.10999999940395355,0.19377602636814117,1.184156060218811,290.2127685546875,1.292005181312561,260.84912109375,240.18621826171875,0.3134397268295288,3.054011106491089,400.0,0.289583332836628
20190818.0,1.409999966621399,40.0,8.0,0.07999999821186066,0.125,0.10999999940395355,0.19377602636814117,1.184156060218811,288.17333984375,1.2999908924102783,263.06475830078125,245.4224090576172,1.7560299634933472,3.150639533996582,400.0,0.252125000581145
20190819.0,1.409999966621399,40.0,8.0,0.07999999821186066,0.125,0.10999999940395355,0.19377602636814117,1.184156060218811,292.9294128417969,1.3038519620895386,266.99957275390625,250.87391662597656,0.03788468614220619,3.289323091506958,400.0,0.233208332831661
20190821.0,1.409999966621399,40.0,8.0,0.07999999821186066,0.125,0.10999999940395355,0.19377602636814117,1.184156060218811,292.4513854980469,1.3116320371627808,270.147705078125,256.0088195800781,0.7339891195297241,2.957308530807495,400.0,0.195874998966853
20190824.0,1.409999966621399,40.0,8.0,0.07999999821186066,0.125,0.10999999940395355,0.19377602636814117,1.184156060218811,292.4190979003906,1.3132898807525635,260.4892883300781,241.3970184326172,1.4630165100097656,2.968559980392456,400.0,0.237666664645076
20190826.0,1.409999966621399,40.0,8.0,0.07999999821186066,0.125,0.10999999940395355,0.19377602636814117,1.184156060218811,287.5562438964844,1.3140625953674316,256.91168212890625,239.84375,3.7058427333831787,2.726771116256714,400.0,0.292416666944822
20190827.0,1.409999966621399,40.0,8.0,0.07999999821186066,0.125,0.10999999940395355,0.19377602636814117,1.184156060218811,285.7315673828125,1.3147355318069458,258.8302917480469,238.0486297607422,0.017579324543476105,2.5386924743652344,400.0,0.282041667650143
20190829.0,1.409999966621399,40.0,8.0,0.07999999821186066,0.125,0.10999999940395355,0.19377602636814117,1.184156060218811,289.34124755859375,1.3160829544067383,264.07574462890625,246.54922485351562,0.0,2.418653964996338,400.0,0.235124999036392
20190901.0,1.409999966621399,40.0,8.0,0.07999999821186066,0.125,0.10999999940395355,0.19377602636814117,1.184156060218811,292.7541809082031,1.3371793031692505,268.0658264160156,251.29782104492188,0.41063395142555237,2.6628360748291016,400.0,0.191999999185403
20190903.0,1.409999966621399,40.0,8.0,0.07999999821186066,0.125,0.10999999940395355,0.19377602636814117,1.184156060218811,292.5355529785156,1.3521417379379272,269.3896484375,254.1959228515625,0.0,2.5814075469970703,400.0,0.166916667173306
20190904.0,1.409999966621399,40.0,8.0,0.07999999821186066,0.125,0.10999999940395355,0.19377602636814117,1.184156060218811,293.2208557128906,1.3595566749572754,271.183349609375,257.766845703125,0.0012139149475842714,2.7377853393554688,400.0,0.157652175296908
20190906.0,1.409999966621399,40.0,8.0,0.07999999821186066,0.125,0.10999999940395355,0.19377602636814117,1.184156060218811,292.2571105957031,1.3745741844177246,272.5841064453125,257.3318176269531,1.6931687593460083,2.2730250358581543,400.0,0.141291668017705
20190909.0,1.409999966621399,40.0,8.0,0.07999999821186066,0.125,0.10999999940395355,0.19377602636814117,1.184156060218811,288.10406494140625,1.3873722553253174,270.03533935546875,255.13473510742188,1.1826355457305908,1.8812392950057983,400.0,0.13766666315496
20190911.0,1.409999966621399,40.0,8.0,0.07999999821186066,0.125,0.10999999940395355,0.19377602636814117,1.184156060218811,287.1767578125,1.3957104682922363,267.14306640625,253.08200073242188,4.774398326873779,2.0168216228485107,400.0,0.138166666651765
20190912.0,1.409999966621399,40.0,8.0,0.07999999821186066,0.125,0.10999999940395355,0.19377602636814117,1.184156060218811,282.33673095703125,1.3998452425003052,249.3504638671875,232.93161010742188,14.747639656066895,3.365985870361328,400.0,0.241208334142963
20190914.0,1.409999966621399,40.0,8.0,0.07999999821186066,0.125,0.10999999940395355,0.19377602636814117,1.184156060218811,288.5588684082031,1.408168077468872,253.76031494140625,232.82901000976562,0.0008523463038727641,2.6443159580230713,400.0,0.258708332975705
20190917.0,1.409999966621399,40.0,8.0,0.07999999821186066,0.125,0.10999999940395355,0.19377602636814117,1.184156060218811,293.3790588378906,1.415807843208313,265.5928039550781,245.49337768554688,0.7538965344429016,2.7207157611846924,400.0,0.201541666562359
20190919.0,1.409999966621399,40.0,8.0,0.07999999821186066,0.125,0.10999999940395355,0.19377602636814117,1.184156060218811,291.2397155761719,1.4207786321640015,266.3888854980469,248.03187561035156,0.0,2.5593647956848145,400.0,0.177041667203108
20190920.0,1.409999966621399,40.0,8.0,0.07999999821186066,0.125,0.10999999940395355,0.19377602636814117,1.184156060218811,290.6970520019531,1.4233404397964478,266.4043273925781,254.2678985595703,0.4353499114513397,1.598689317703247,400.0,0.165458333988984
20190922.0,1.409999966621399,40.0,8.0,0.07999999821186066,0.125,0.10999999940395355,0.19377602636814117,1.184156060218811,282.41619873046875,1.4284837245941162,254.39894104003906,236.15182495117188,0.4055052101612091,1.6036243438720703,400.0,0.203173908850421
20190925.0,1.409999966621399,40.0,8.0,0.07999999821186066,0.125,0.10999999940395355,0.19377602636814117,1.184156060218811,285.2896728515625,1.440544605255127,261.3288879394531,243.83737182617188,0.12636758387088776,1.2585057020187378,400.0,0.186500002319614
20190927.0,1.409999966621399,40.0,8.0,0.07999999821186066,0.125,0.10999999940395355,0.19377602636814117,1.184156060218811,283.1293029785156,1.448706030845642,265.20184326171875,250.72247314453125,3.771280527114868,1.9129458665847778,400.0,0.175249997526407
20190928.0,1.409999966621399,40.0,8.0,0.07999999821186066,0.125,0.10999999940395355,0.19377602636814117,1.184156060218811,280.3633117675781,1.4534454345703125,262.7418212890625,249.20648193359375,6.878076076507568,2.4896371364593506,400.0,0.17200000025332
20190930.0,1.409999966621399,40.0,8.0,0.07999999821186066,0.125,0.10999999940395355,0.19377602636814117,1.184156060218811,280.4052734375,1.4629870653152466,240.761474609375,224.6038818359375,7.471026420593262,1.3757182359695435,400.0,0.277695652583371
20191005.0,1.409999966621399,40.0,8.0,0.07999999821186066,0.125,0.10999999940395355,0.19377602636814117,1.184156060218811,280.15362548828125,1.565768837928772,243.5619659423828,226.09219360351562,8.237821578979492,2.369568109512329,400.0,0.32070833320419
20191006.0,1.409999966621399,40.0,8.0,0.07999999821186066,0.125,0.10999999940395355,0.19377602636814117,1.184156060218811,278.7549133300781,1.5873146057128906,242.50645446777344,220.69248962402344,0.00043511379044502974,1.5997512340545654,400.0,0.315157893456911
20191008.0,1.409999966621399,40.0,8.0,0.07999999821186066,0.125,0.10999999940395355,0.19377602636814117,1.184156060218811,284.1697998046875,1.6314603090286255,247.7469482421875,224.66775512695312,0.000858306884765625,2.0513994693756104,400.0,0.297416669627031
20191014.0,1.409999966621399,40.0,8.0,0.07999999821186066,0.125,0.10999999940395355,0.19377602636814117,1.184156060218811,278.4766540527344,1.7011568546295166,240.17181396484375,219.58877563476562,0.0004188096208963543,1.4658851623535156,400.0,0.326500003536542
20191016.0,1.409999966621399,40.0,8.0,0.07999999821186066,0.125,0.10999999940395355,0.19377602636814117,1.184156060218811,278.9199523925781,1.7273147106170654,242.13473510742188,218.5831298828125,0.000858306884765625,1.4733837842941284,400.0,0.328958333780368
20200428.0,1.409999966621399,40.0,8.0,0.07999999821186066,0.125,0.10999999940395355,0.19377602636814117,1.184156060218811,280.91937255859375,1.9628900289535522,250.3043212890625,236.54367065429688,2.2750446796417236,3.312368631362915,400.0,0.311958330372969
20200430.0,1.409999966621399,40.0,8.0,0.07999999821186066,0.125,0.10999999940395355,0.19377602636814117,1.184156060218811,287.9040222167969,1.9317524433135986,247.24774169921875,227.92259216308594,0.03363877534866333,3.078371286392212,400.0,0.299500000973543
20200501.0,1.409999966621399,40.0,8.0,0.07999999821186066,0.125,0.10999999940395355,0.19377602636814117,1.184156060218811,285.73968505859375,1.9056494235992432,258.09490966796875,243.61134338378906,0.6122021675109863,2.2421371936798096,400.0,0.300375000884136
20200503.0,1.409999966621399,40.0,8.0,0.07999999821186066,0.125,0.10999999940395355,0.19377602636814117,1.184156060218811,284.973388671875,1.848313808441162,255.26541137695312,240.32687377929688,3.466655969619751,2.5918970108032227,400.0,0.298541667560736
20200506.0,1.409999966621399,40.0,8.0,0.07999999821186066,0.125,0.10999999940395355,0.19377602636814117,1.184156060218811,279.80084228515625,1.768280267715454,247.67391967773438,229.91189575195312,0.0,2.3538565635681152,400.0,0.297999996278021
20200509.0,1.409999966621399,40.0,8.0,0.07999999821186066,0.125,0.10999999940395355,0.19377602636814117,1.184156060218811,278.1858825683594,1.7263489961624146,251.33819580078125,237.51089477539062,1.0966142416000366,1.953928828239441,400.0,0.311071427805083
20200514.0,1.409999966621399,40.0,8.0,0.07999999821186066,0.125,0.10999999940395355,0.19377602636814117,1.184156060218811,281.7197570800781,1.8042631149291992,247.2292022705078,233.92556762695312,1.2922241687774658,2.265777826309204,400.0,0.321666665375233
20200516.0,1.409999966621399,40.0,8.0,0.07999999821186066,0.125,0.10999999940395355,0.19377602636814117,1.184156060218811,280.609375,1.8308852910995483,248.29086303710938,233.6735382080078,7.9614105224609375,2.880817413330078,400.0,0.332150001823902
20200517.0,1.409999966621399,40.0,8.0,0.07999999821186066,0.125,0.10999999940395355,0.19377602636814117,1.184156060218811,281.8453674316406,1.7942696809768677,246.44573974609375,229.2948760986328,0.000858306884765625,2.8465824127197266,400.0,0.330374999592702
20200519.0,1.409999966621399,40.0,8.0,0.07999999821186066,0.125,0.10999999940395355,0.19377602636814117,1.184156060218811,293.9316711425781,1.6954925060272217,250.03216552734375,228.76329040527344,1.2342628906480968e-05,3.876237392425537,400.0,0.290583331137896
20200522.0,1.409999966621399,40.0,8.0,0.07999999821186066,0.125,0.10999999940395355,0.19377602636814117,1.184156060218811,287.7646484375,1.5653407573699951,254.96495056152344,233.87728881835938,0.025995811447501183,3.7532060146331787,400.0,0.232416667665044
20200524.0,1.409999966621399,40.0,8.0,0.07999999821186066,0.125,0.10999999940395355,0.19377602636814117,1.184156060218811,281.48638916015625,1.4869205951690674,257.7734375,244.34527587890625,3.530729055404663,3.2044856548309326,400.0,0.206125000491738
20200525.0,1.409999966621399,40.0,8.0,0.07999999821186066,0.125,0.10999999940395355,0.19377602636814117,1.184156060218811,281.6600341796875,1.4712040424346924,257.95428466796875,242.2413330078125,0.8057268261909485,2.569159984588623,400.0,0.205333332220713
20200527.0,1.409999966621399,40.0,8.0,0.07999999821186066,0.125,0.10999999940395355,0.19377602636814117,1.184156060218811,286.8656921386719,1.453059196472168,259.16595458984375,242.5532684326172,1.0779205560684204,2.136523962020874,400.0,0.192375001187126
20200530.0,1.409999966621399,40.0,8.0,0.07999999821186066,0.125,0.10999999940395355,0.19377602636814117,1.184156060218811,288.7516784667969,1.4233554601669312,259.933837890625,243.30108642578125,2.0494213104248047,3.5697855949401855,400.0,0.166958329578241
20200601.0,1.409999966621399,40.0,8.0,0.07999999821186066,0.125,0.10999999940395355,0.19377602636814117,1.184156060218811,294.05242919921875,1.4037511348724365,265.84918212890625,249.25775146484375,0.061707425862550735,3.4843966960906982,400.0,0.147916667163372
20200602.0,1.409999966621399,40.0,8.0,0.07999999821186066,0.125,0.10999999940395355,0.19377602636814117,1.184156060218811,291.7884826660156,1.3916339874267578,265.909423828125,249.43447875976562,0.0008388814167119563,2.9322545528411865,400.0,0.138791666676601
20200604.0,1.409999966621399,40.0,8.0,0.07999999821186066,0.125,0.10999999940395355,0.19377602636814117,1.184156060218811,291.0113830566406,1.366441011428833,267.801025390625,252.62213134765625,3.646636724472046,3.298633098602295,400.0,0.126291667421659
20200607.0,1.409999966621399,40.0,8.0,0.07999999821186066,0.125,0.10999999940395355,0.19377602636814117,1.184156060218811,292.62225341796875,1.3306132555007935,259.9097900390625,238.4710693359375,2.3609225749969482,4.0085225105285645,400.0,0.171458333730698
20200609.0,1.409999966621399,40.0,8.0,0.07999999821186066,0.125,0.10999999940395355,0.19377602636814117,1.184156060218811,284.7549743652344,1.308135747909546,263.31341552734375,246.8746337890625,0.8936103582382202,2.678417682647705,400.0,0.173173909601958
20200610.0,1.409999966621399,40.0,8.0,0.07999999821186066,0.125,0.10999999940395355,0.19377602636814117,1.184156060218811,284.5777587890625,1.3051741123199463,264.24224853515625,244.89193725585938,0.33739426732063293,2.5394299030303955,400.0,0.159333333993951
20200612.0,1.409999966621399,40.0,8.0,0.07999999821186066,0.125,0.10999999940395355,0.19377602636814117,1.184156060218811,292.9848937988281,1.3040499687194824,268.407470703125,254.19607543945312,0.0008569718338549137,3.2892398834228516,400.0,0.134541668618719
20200615.0,1.409999966621399,40.0,8.0,0.07999999821186066,0.125,0.10999999940395355,0.19377602636814117,1.184156060218811,293.2123718261719,1.3011184930801392,271.541259765625,260.538818359375,0.006625666748732328,2.669222354888916,400.0,0.109458334123095
20200617.0,1.409999966621399,40.0,8.0,0.07999999821186066,0.125,0.10999999940395355,0.19377602636814117,1.184156060218811,291.46685791015625,1.2989439964294434,274.3924560546875,261.7806396484375,1.3203260898590088,2.057706832885742,400.0,0.103541666641831
20200618.0,1.409999966621399,40.0,8.0,0.07999999821186066,0.125,0.10999999940395355,0.19377602636814117,1.184156060218811,285.4928283691406,1.295190691947937,272.5997009277344,260.88873291015625,0.4235888719558716,1.7107477188110352,400.0,0.101125001286467
20200620.0,1.409999966621399,40.0,8.0,0.07999999821186066,0.125,0.10999999940395355,0.19377602636814117,1.184156060218811,288.99383544921875,1.2861793041229248,260.21697998046875,244.50350952148438,0.7626956105232239,2.4155309200286865,400.0,0.121375000104308
20200623.0,1.409999966621399,40.0,8.0,0.07999999821186066,0.125,0.10999999940395355,0.19377602636814117,1.184156060218811,290.1741027832031,1.273410677909851,268.1784973144531,252.04144287109375,0.00907202623784542,2.168722152709961,400.0,0.126166666237017
20200625.0,1.409999966621399,40.0,8.0,0.07999999821186066,0.125,0.10999999940395355,0.19377602636814117,1.184156060218811,295.61114501953125,1.2653323411941528,268.0957336425781,253.85546875,1.0628407001495361,2.219167709350586,400.0,0.112958333455026
20200626.0,1.409999966621399,40.0,8.0,0.07999999821186066,0.125,0.10999999940395355,0.19377602636814117,1.184156060218811,292.0407409667969,1.2655359506607056,267.3651428222656,252.6893768310547,0.9971213936805725,2.6239373683929443,400.0,0.111958333911995
20200628.0,1.409999966621399,40.0,8.0,0.07999999821186066,0.125,0.10999999940395355,0.19377602636814117,1.184156060218811,296.1943664550781,1.2684485912322998,275.9432373046875,259.9310302734375,0.5268556475639343,2.081264019012451,400.0,0.103166668365399
20200701.0,1.409999966621399,40.0,8.0,0.07999999821186066,0.125,0.10999999940395355,0.19377602636814117,1.184156060218811,289.8009338378906,1.2722395658493042,254.64572143554688,236.63885498046875,0.02496976964175701,3.016129970550537,400.0,0.222739130906437
20200703.0,1.409999966621399,40.0,8.0,0.07999999821186066,0.125,0.10999999940395355,0.19377602636814117,1.184156060218811,296.1053161621094,1.2747585773468018,266.7291564941406,248.3470458984375,0.7515658736228943,2.857062339782715,400.0,0.173291667674979
20200704.0,1.409999966621399,40.0,8.0,0.07999999821186066,0.125,0.10999999940395355,0.19377602636814117,1.184156060218811,298.25592041015625,1.2760294675827026,270.3809509277344,255.3101806640625,0.784939169883728,2.8479933738708496,400.0,0.151833332454165
20200706.0,1.409999966621399,40.0,8.0,0.07999999821186066,0.125,0.10999999940395355,0.19377602636814117,1.184156060218811,293.8228454589844,1.2785828113555908,263.04705810546875,246.9279022216797,2.468714952468872,3.0096704959869385,400.0,0.178409091450951
20200709.0,1.409999966621399,40.0,8.0,0.07999999821186066,0.125,0.10999999940395355,0.19377602636814117,1.184156060218811,292.8982238769531,1.2826076745986938,270.82965087890625,255.43751525878906,0.020021555945277214,2.169219970703125,400.0,0.190958332891266
20200711.0,1.409999966621399,40.0,8.0,0.07999999821186066,0.125,0.10999999940395355,0.19377602636814117,1.184156060218811,294.2917785644531,1.2850035429000854,263.2562255859375,246.69798278808594,0.0008523463038727641,2.107365369796753,400.0,0.157250001405676
20200712.0,1.409999966621399,40.0,8.0,0.07999999821186066,0.125,0.10999999940395355,0.19377602636814117,1.184156060218811,296.4649963378906,1.291832447052002,268.8316650390625,251.00827026367188,0.000852346362080425,2.2060608863830566,400.0,0.149041666338841
20200714.0,1.409999966621399,40.0,8.0,0.07999999821186066,0.125,0.10999999940395355,0.19377602636814117,1.184156060218811,288.12127685546875,1.3056782484054565,254.7735137939453,233.44046020507812,10.46853256225586,3.4705328941345215,400.0,0.194684212145052
20200717.0,1.409999966621399,40.0,8.0,0.07999999821186066,0.125,0.10999999940395355,0.19377602636814117,1.184156060218811,298.1038818359375,1.3263927698135376,269.97076416015625,253.02735900878906,0.01359555870294571,2.658113956451416,400.0,0.177291667709748
20200719.0,1.409999966621399,40.0,8.0,0.07999999821186066,0.125,0.10999999940395355,0.19377602636814117,1.184156060218811,293.1510009765625,1.3396130800247192,273.93048095703125,262.32794189453125,1.6075958013534546,2.0314979553222656,400.0,0.152333331604799
20200720.0,1.409999966621399,40.0,8.0,0.07999999821186066,0.125,0.10999999940395355,0.19377602636814117,1.184156060218811,292.9451599121094,1.3337129354476929,262.76495361328125,248.02163696289062,2.277071237564087,2.224606513977051,400.0,0.160869564051213
20200722.0,1.409999966621399,40.0,8.0,0.07999999821186066,0.125,0.10999999940395355,0.19377602636814117,1.184156060218811,297.1759033203125,1.314774751663208,271.9818115234375,252.97604370117188,0.00015428305778186768,2.1845343112945557,400.0,0.149416666477919
20200725.0,1.409999966621399,40.0,8.0,0.07999999821186066,0.125,0.10999999940395355,0.19377602636814117,1.184156060218811,298.0919189453125,1.2895030975341797,275.3587646484375,260.4647521972656,0.24471193552017212,1.7702531814575195,400.0,0.126583334679405
20200727.0,1.409999966621399,40.0,8.0,0.07999999821186066,0.125,0.10999999940395355,0.19377602636814117,1.184156060218811,296.2017822265625,1.2742283344268799,271.27227783203125,257.37872314453125,0.050594355911016464,1.5314247608184814,400.0,0.145130431522494
20200728.0,1.409999966621399,40.0,8.0,0.07999999821186066,0.125,0.10999999940395355,0.19377602636814117,1.184156060218811,296.8033752441406,1.2817412614822388,276.815185546875,261.30963134765625,1.0424336194992065,1.5745694637298584,400.0,0.138624998430411
20200730.0,1.409999966621399,40.0,8.0,0.07999999821186066,0.125,0.10999999940395355,0.19377602636814117,1.184156060218811,292.386474609375,1.3062361478805542,264.4998779296875,247.560302734375,10.346643447875977,3.115900993347168,400.0,0.139541666333874
20200802.0,1.409999966621399,40.0,8.0,0.07999999821186066,0.125,0.10999999940395355,0.19377602636814117,1.184156060218811,292.5846252441406,1.3417668342590332,273.02777099609375,257.248779296875,0.0,2.1996347904205322,400.0,0.130041665087144
20200804.0,1.409999966621399,40.0,8.0,0.07999999821186066,0.125,0.10999999940395355,0.19377602636814117,1.184156060218811,294.26983642578125,1.3655734062194824,272.72943115234375,261.78057861328125,4.980137348175049,2.6143734455108643,400.0,0.116999998378257
20200805.0,1.409999966621399,40.0,8.0,0.07999999821186066,0.125,0.10999999940395355,0.19377602636814117,1.184156060218811,292.524169921875,1.3682560920715332,275.45556640625,262.7830810546875,0.15812823176383972,2.135830879211426,400.0,0.110583332988123
20200807.0,1.409999966621399,40.0,8.0,0.07999999821186066,0.125,0.10999999940395355,0.19377602636814117,1.184156060218811,297.29241943359375,1.3680548667907715,270.4008483886719,255.70913696289062,1.7167402505874634,2.729619264602661,400.0,0.10175000037998
20200810.0,1.409999966621399,40.0,8.0,0.07999999821186066,0.125,0.10999999940395355,0.19377602636814117,1.184156060218811,292.09869384765625,1.3693324327468872,272.5388488769531,259.4749755859375,0.7285239696502686,2.2030885219573975,400.0,0.101666667809089
20200812.0,1.409999966621399,40.0,8.0,0.07999999821186066,0.125,0.10999999940395355,0.19377602636814117,1.184156060218811,297.0777893066406,1.3706501722335815,277.971923828125,265.241943359375,0.10852444171905518,1.8963271379470825,400.0,0.0949166659265757
20200813.0,1.409999966621399,40.0,8.0,0.07999999821186066,0.125,0.10999999940395355,0.19377602636814117,1.184156060218811,296.5540466308594,1.3773000240325928,277.8472900390625,267.6197814941406,0.03718119114637375,1.7044758796691895,400.0,0.0907500007500251
20200815.0,1.409999966621399,40.0,8.0,0.07999999821186066,0.125,0.10999999940395355,0.19377602636814117,1.184156060218811,293.1901550292969,1.394361972808838,277.48248291015625,267.07861328125,0.0,1.4669761657714844,400.0,0.0844999998807907
20200818.0,1.409999966621399,40.0,8.0,0.07999999821186066,0.125,0.10999999940395355,0.19377602636814117,1.184156060218811,299.0429382324219,1.419365644454956,280.8892822265625,267.75286865234375,0.0008285045623779297,1.2932778596878052,400.0,0.0788750005885959
20200820.0,1.409999966621399,40.0,8.0,0.07999999821186066,0.125,0.10999999940395355,0.19377602636814117,1.184156060218811,298.0259094238281,1.436841368675232,279.483642578125,268.363525390625,0.021033408120274544,1.1071703433990479,400.0,0.0767499996970097
20200821.0,1.409999966621399,40.0,8.0,0.07999999821186066,0.125,0.10999999940395355,0.19377602636814117,1.184156060218811,297.9797668457031,1.436635971069336,279.6087646484375,266.8382568359375,0.016066893935203552,1.0889438390731812,400.0,0.0752499997615814
20200823.0,1.409999966621399,40.0,8.0,0.07999999821186066,0.125,0.10999999940395355,0.19377602636814117,1.184156060218811,299.6912841796875,1.436225175857544,281.6385498046875,268.4034423828125,1.12665855884552,1.3237497806549072,400.0,0.0731666656211019
20200826.0,1.409999966621399,40.0,8.0,0.07999999821186066,0.125,0.10999999940395355,0.19377602636814117,1.184156060218811,296.9259033203125,1.4359771013259888,277.7574768066406,264.70135498046875,0.5048261880874634,1.3703440427780151,400.0,0.0703333336859941
20200828.0,1.409999966621399,40.0,8.0,0.07999999821186066,0.125,0.10999999940395355,0.19377602636814117,1.184156060218811,290.9873352050781,1.4364250898361206,262.9173583984375,245.84576416015625,3.3521482944488525,1.751024603843689,400.0,0.0725000003973643
20200829.0,1.409999966621399,40.0,8.0,0.07999999821186066,0.125,0.10999999940395355,0.19377602636814117,1.184156060218811,291.6001281738281,1.4453880786895752,266.8984375,249.87698364257812,1.6451568603515625,1.6651630401611328,400.0,0.0693333344534039
20200831.0,1.409999966621399,40.0,8.0,0.07999999821186066,0.125,0.10999999940395355,0.19377602636814117,1.184156060218811,284.1257629394531,1.468841314315796,268.8481750488281,257.9770812988281,0.7016670107841492,1.3368020057678223,400.0,0.0656666678066055
20200903.0,1.409999966621399,40.0,8.0,0.07999999821186066,0.125,0.10999999940395355,0.19377602636814117,1.184156060218811,290.73492431640625,1.5038748979568481,272.5614013671875,260.2220153808594,0.0,1.1749649047851562,400.0,0.0647500005240242
20200905.0,1.409999966621399,40.0,8.0,0.07999999821186066,0.125,0.10999999940395355,0.19377602636814117,1.184156060218811,295.3976745605469,1.5281322002410889,275.94036865234375,263.0692138671875,0.001709243399091065,1.2087188959121704,400.0,0.0644583341976007
20200906.0,1.409999966621399,40.0,8.0,0.07999999821186066,0.125,0.10999999940395355,0.19377602636814117,1.184156060218811,296.0772399902344,1.545437216758728,277.01275634765625,265.69769287109375,0.0012747952714562416,0.9725282788276672,400.0,0.0638333335518837
20200911.0,1.409999966621399,40.0,8.0,0.07999999821186066,0.125,0.10999999940395355,0.19377602636814117,1.184156060218811,282.8515625,1.6423968076705933,256.3196716308594,238.440185546875,2.3543100357055664,1.571846842765808,400.0,0.123318183828484
20200913.0,1.409999966621399,40.0,8.0,0.07999999821186066,0.125,0.10999999940395355,0.19377602636814117,1.184156060218811,290.46527099609375,1.6821632385253906,259.64691162109375,239.32469177246094,0.0,1.6897233724594116,400.0,0.122000000439584
20200914.0,1.409999966621399,40.0,8.0,0.07999999821186066,0.125,0.10999999940395355,0.19377602636814117,1.184156060218811,292.3241271972656,1.6934473514556885,261.4892578125,244.959228515625,0.0008523463038727641,1.7840381860733032,400.0,0.118374999923011
20200916.0,1.409999966621399,40.0,8.0,0.07999999821186066,0.125,0.10999999940395355,0.19377602636814117,1.184156060218811,289.7849426269531,1.7108821868896484,267.1910095214844,252.94082641601562,0.0,1.161005973815918,400.0,0.109791667200625
20200919.0,1.409999966621399,40.0,8.0,0.07999999821186066,0.125,0.10999999940395355,0.19377602636814117,1.184156060218811,293.1448059082031,1.737949013710022,271.020263671875,257.55145263671875,0.019058305770158768,1.098034143447876,400.0,0.10295652144629
20200921.0,1.409999966621399,40.0,8.0,0.07999999821186066,0.125,0.10999999940395355,0.19377602636814117,1.184156060218811,287.9850769042969,1.7550281286239624,271.27447509765625,258.42718505859375,0.00042319289059378207,0.910628080368042,400.0,0.0955833336338401
20200922.0,1.409999966621399,40.0,8.0,0.07999999821186066,0.125,0.10999999940395355,0.19377602636814117,1.184156060218811,291.3143310546875,1.7457540035247803,270.3375244140625,259.4952392578125,0.0004410743713378906,1.0075310468673706,400.0,0.0930000000322859
20200924.0,1.409999966621399,40.0,8.0,0.07999999821186066,0.125,0.10999999940395355,0.19377602636814117,1.184156060218811,291.90655517578125,1.7169806957244873,274.78375244140625,261.8839416503906,0.0,0.8970792293548584,400.0,0.0880416662742694
20200927.0,1.409999966621399,40.0,8.0,0.07999999821186066,0.125,0.10999999940395355,0.19377602636814117,1.184156060218811,282.5668029785156,1.6784954071044922,271.2922668457031,255.65264892578125,1.328126072883606,0.8325032591819763,400.0,0.0757083334028721
20200929.0,1.409999966621399,40.0,8.0,0.07999999821186066,0.125,0.10999999940395355,0.19377602636814117,1.184156060218811,285.816650390625,1.6512761116027832,268.6924133300781,255.87350463867188,0.0012809094041585922,0.6989449858665466,400.0,0.0765833339343468
20200930.0,1.409999966621399,40.0,8.0,0.07999999821186066,0.125,0.10999999940395355,0.19377602636814117,1.184156060218811,284.57244873046875,1.6785119771957397,270.62060546875,258.8685607910156,0.002673855982720852,0.41275522112846375,400.0,0.0769583340734243
20201002.0,1.409999966621399,40.0,8.0,0.07999999821186066,0.125,0.10999999940395355,0.19377602636814117,1.184156060218811,283.07366943359375,1.7344698905944824,270.14752197265625,259.5570373535156,0.24055719375610352,0.5576356649398804,400.0,0.0748750002433856
20201005.0,1.409999966621399,40.0,8.0,0.07999999821186066,0.125,0.10999999940395355,0.19377602636814117,1.184156060218811,287.64007568359375,1.8219853639602661,270.7925720214844,258.349853515625,0.04944530874490738,0.4986026883125305,400.0,0.0752083339417974
20201007.0,1.409999966621399,40.0,8.0,0.07999999821186066,0.125,0.10999999940395355,0.19377602636814117,1.184156060218811,288.5255126953125,1.882562279701233,270.78717041015625,259.28582763671875,0.0,0.5594366192817688,400.0,0.0746666671087344
20201008.0,1.409999966621399,40.0,8.0,0.07999999821186066,0.125,0.10999999940395355,0.19377602636814117,1.184156060218811,290.0585632324219,1.9101799726486206,271.76702880859375,260.12445068359375,0.0025752410292625427,0.6141284108161926,400.0,0.0745833332960804
20201010.0,1.409999966621399,40.0,8.0,0.07999999821186066,0.125,0.10999999940395355,0.19377602636814117,1.184156060218811,288.65338134765625,1.9645118713378906,271.39154052734375,259.564208984375,0.0,0.5520076751708984,400.0,0.0724166656533877
20201013.0,1.409999966621399,40.0,8.0,0.07999999821186066,0.125,0.10999999940395355,0.19377602636814117,1.184156060218811,281.5163879394531,2.047203302383423,265.5357666015625,250.20147705078125,0.04081554710865021,0.4625868797302246,400.0,0.068826088114925
20201031.0,1.409999966621399,40.0,8.0,0.07999999821186066,0.125,0.10999999940395355,0.19377602636814117,1.184156060218811,278.5166931152344,1.8246606588363647,237.918701171875,216.08355712890625,0.09264140576124191,1.1565479040145874,400.0,0.270875000705322
20201101.0,1.409999966621399,40.0,8.0,0.07999999821186066,0.125,0.10999999940395355,0.19377602636814117,1.184156060218811,273.8814392089844,1.8201206922531128,247.8463134765625,228.54953002929688,0.0,0.9033414125442505,400.0,0.240499997777598
20201103.0,1.409999966621399,40.0,8.0,0.07999999821186066,0.125,0.10999999940395355,0.19377602636814117,1.184156060218811,283.3258972167969,1.8102216720581055,244.43399047851562,220.0823974609375,0.00043511379044502974,1.2066899538040161,400.0,0.239958332230647
20201106.0,1.409999966621399,40.0,8.0,0.07999999821186066,0.125,0.10999999940395355,0.19377602636814117,1.184156060218811,285.4283447265625,1.7958102226257324,248.58273315429688,223.88143920898438,0.0034433696419000626,1.2850679159164429,400.0,0.222583334272106
20201108.0,1.409999966621399,40.0,8.0,0.07999999821186066,0.125,0.10999999940395355,0.19377602636814117,1.184156060218811,282.3953552246094,1.7860528230667114,250.74183654785156,230.62521362304688,0.5733799934387207,0.8511821627616882,400.0,0.215058826348361
20201119.0,1.409999966621399,40.0,8.0,0.07999999821186066,0.125,0.10999999940395355,0.19377602636814117,1.184156060218811,279.03118896484375,1.7884577512741089,251.6993865966797,229.65899658203125,0.6602303385734558,0.7143946290016174,400.0,0.213052631208771
20210404.0,1.409999966621399,40.0,8.0,0.07999999821186066,0.125,0.10999999940395355,0.19377602636814117,1.184156060218811,286.8234558105469,2.161886215209961,257.53167724609375,241.32720947265625,0.0012948473449796438,1.6950950622558594,400.0,0.272666669140259
20210410.0,1.409999966621399,40.0,8.0,0.07999999821186066,0.125,0.10999999940395355,0.19377602636814117,1.184156060218811,276.3193054199219,2.2615628242492676,243.82516479492188,225.3000030517578,0.0,1.738589882850647,400.0,0.279625000432134
20210425.0,1.409999966621399,40.0,8.0,0.07999999821186066,0.125,0.10999999940395355,0.19377602636814117,1.184156060218811,279.78387451171875,1.9184428453445435,244.91537475585938,223.6203155517578,0.6568560004234314,1.541799545288086,400.0,0.280958335846663
20210426.0,1.409999966621399,40.0,8.0,0.07999999821186066,0.125,0.10999999940395355,0.19377602636814117,1.184156060218811,281.6908874511719,1.8907876014709473,252.69015502929688,236.41845703125,4.2172088623046875,2.147752046585083,400.0,0.281833334515492
20210428.0,1.409999966621399,40.0,8.0,0.07999999821186066,0.125,0.10999999940395355,0.19377602636814117,1.184156060218811,280.57989501953125,1.8372385501861572,247.64083862304688,229.55368041992188,0.00043511379044502974,1.9882214069366455,400.0,0.277666666855415
20210503.0,1.409999966621399,40.0,8.0,0.07999999821186066,0.125,0.10999999940395355,0.19377602636814117,1.184156060218811,278.7725830078125,1.7856920957565308,258.39471435546875,244.2089080810547,1.6389317512512207,2.29335355758667,400.0,0.245545455677943
20210504.0,1.409999966621399,40.0,8.0,0.07999999821186066,0.125,0.10999999940395355,0.19377602636814117,1.184156060218811,279.3900451660156,1.7965201139450073,254.56378173828125,238.01223754882812,1.7435673475265503,1.9485265016555786,400.0,0.242863634770567
20210506.0,1.409999966621399,40.0,8.0,0.07999999821186066,0.125,0.10999999940395355,0.19377602636814117,1.184156060218811,279.6560363769531,1.8216357231140137,255.33026123046875,242.83782958984375,0.34932810068130493,2.3777682781219482,400.0,0.249749995147189
20210511.0,1.409999966621399,40.0,8.0,0.07999999821186066,0.125,0.10999999940395355,0.19377602636814117,1.184156060218811,279.40802001953125,1.8413997888565063,258.88800048828125,244.64456176757812,1.2372322082519531,1.8040369749069214,400.0,0.21862499602139
20210512.0,1.409999966621399,40.0,8.0,0.07999999821186066,0.125,0.10999999940395355,0.19377602636814117,1.184156060218811,280.9341125488281,1.8336330652236938,259.336669921875,243.9048309326172,0.5804212689399719,2.0005626678466797,400.0,0.217666664471229
20210514.0,1.409999966621399,40.0,8.0,0.07999999821186066,0.125,0.10999999940395355,0.19377602636814117,1.184156060218811,283.2934875488281,1.8165996074676514,259.02032470703125,244.0156707763672,0.111180379986763,1.7610223293304443,400.0,0.280041668564081
20210517.0,1.409999966621399,40.0,8.0,0.07999999821186066,0.125,0.10999999940395355,0.19377602636814117,1.184156060218811,287.3378601074219,1.7890949249267578,258.70599365234375,241.087890625,0.23287749290466309,2.3508613109588623,400.0,0.265000003079573
20210519.0,1.409999966621399,40.0,8.0,0.07999999821186066,0.125,0.10999999940395355,0.19377602636814117,1.184156060218811,289.5453186035156,1.7352147102355957,263.59454345703125,247.23406982421875,0.016062306240200996,2.3325884342193604,400.0,0.213833333924413
20210520.0,1.409999966621399,40.0,8.0,0.07999999821186066,0.125,0.10999999940395355,0.19377602636814117,1.184156060218811,290.3030090332031,1.7089183330535889,267.17694091796875,252.17852783203125,1.6772912740707397,2.6364283561706543,400.0,0.188374999910593
20210525.0,1.409999966621399,40.0,8.0,0.07999999821186066,0.125,0.10999999940395355,0.19377602636814117,1.184156060218811,286.2114562988281,1.580489993095398,252.30831909179688,232.05780029296875,0.5321261882781982,2.610358238220215,400.0,0.263124997417132
20210527.0,1.409999966621399,40.0,8.0,0.07999999821186066,0.125,0.10999999940395355,0.19377602636814117,1.184156060218811,280.67156982421875,1.5522514581680298,252.0845947265625,237.89736938476562,4.453554153442383,1.6716889142990112,400.0,0.320458333939314
20210528.0,1.409999966621399,40.0,8.0,0.07999999821186066,0.125,0.10999999940395355,0.19377602636814117,1.184156060218811,283.3227233886719,1.5383621454238892,252.779052734375,234.67086791992188,0.004996649455279112,2.4131596088409424,400.0,0.300173912359321
20210530.0,1.409999966621399,40.0,8.0,0.07999999821186066,0.125,0.10999999940395355,0.19377602636814117,1.184156060218811,285.0872802734375,1.5110365152359009,258.2582092285156,239.51223754882812,0.000852346362080425,2.449566602706909,400.0,0.256041664009293
20210602.0,1.409999966621399,40.0,8.0,0.07999999821186066,0.125,0.10999999940395355,0.19377602636814117,1.184156060218811,290.0582580566406,1.4713537693023682,268.90765380859375,253.01699829101562,0.0,2.622248649597168,400.0,0.180916666363676
20210604.0,1.409999966621399,40.0,8.0,0.07999999821186066,0.125,0.10999999940395355,0.19377602636814117,1.184156060218811,296.4801330566406,1.447945475578308,274.28009033203125,260.84716796875,0.09210885316133499,2.7278244495391846,400.0,0.141083334262172
20210605.0,1.409999966621399,40.0,8.0,0.07999999821186066,0.125,0.10999999940395355,0.19377602636814117,1.184156060218811,297.995361328125,1.4364303350448608,273.8202209472656,261.5316162109375,0.002038818784058094,2.6781866550445557,400.0,0.129208333790302
20210607.0,1.409999966621399,40.0,8.0,0.07999999821186066,0.125,0.10999999940395355,0.19377602636814117,1.184156060218811,295.985595703125,1.413852334022522,277.801513671875,262.7596435546875,0.41287514567375183,2.2731597423553467,400.0,0.119333333335817
20210610.0,1.409999966621399,40.0,8.0,0.07999999821186066,0.125,0.10999999940395355,0.19377602636814117,1.184156060218811,299.9790344238281,1.3814377784729004,277.27398681640625,261.9075927734375,0.00010285537427989766,2.1698317527770996,400.0,0.10837500076741
20210612.0,1.409999966621399,40.0,8.0,0.07999999821186066,0.125,0.10999999940395355,0.19377602636814117,1.184156060218811,292.1676940917969,1.3681821823120117,273.82635498046875,262.8572998046875,0.0,1.7933769226074219,400.0,0.0991666670888662
20210613.0,1.409999966621399,40.0,8.0,0.07999999821186066,0.125,0.10999999940395355,0.19377602636814117,1.184156060218811,294.6875915527344,1.3616262674331665,278.0431823730469,265.47052001953125,0.06914869695901871,1.5900299549102783,400.0,0.0979166667287548
20210615.0,1.409999966621399,40.0,8.0,0.07999999821186066,0.125,0.10999999940395355,0.19377602636814117,1.184156060218811,300.2140197753906,1.348948359489441,277.46868896484375,263.73016357421875,0.011373925022780895,1.7714276313781738,400.0,0.0942083339517315
20210618.0,1.409999966621399,40.0,8.0,0.07999999821186066,0.125,0.10999999940395355,0.19377602636814117,1.184156060218811,295.423095703125,1.3312530517578125,279.8924560546875,268.1969909667969,0.0,1.3630317449569702,400.0,0.084583333072563
20210620.0,1.409999966621399,40.0,8.0,0.07999999821186066,0.125,0.10999999940395355,0.19377602636814117,1.184156060218811,291.4019470214844,1.3348643779754639,265.7788391113281,249.26547241210938,1.6030887365341187,1.66685950756073,400.0,0.0802083335195978
20210621.0,1.409999966621399,40.0,8.0,0.07999999821186066,0.125,0.10999999940395355,0.19377602636814117,1.184156060218811,288.427490234375,1.3366758823394775,267.63916015625,251.8446807861328,0.0,1.331813097000122,400.0,0.0788636373525316
20210623.0,1.409999966621399,40.0,8.0,0.07999999821186066,0.125,0.10999999940395355,0.19377602636814117,1.184156060218811,297.3895263671875,1.340973973274231,279.3289794921875,266.56329345703125,1.3546804189682007,1.8525681495666504,400.0,0.0808750002955397
20210626.0,1.409999966621399,40.0,8.0,0.07999999821186066,0.125,0.10999999940395355,0.19377602636814117,1.184156060218811,289.5683898925781,1.3478208780288696,263.23541259765625,244.21189880371094,5.168674468994141,1.622263789176941,400.0,0.0803181820295074
20210628.0,1.409999966621399,40.0,8.0,0.07999999821186066,0.125,0.10999999940395355,0.19377602636814117,1.184156060218811,289.2151184082031,1.3589318990707397,263.3197021484375,247.8651885986328,1.7945172786712646,2.5807602405548096,400.0,0.105541666659216
20210629.0,1.409999966621399,40.0,8.0,0.07999999821186066,0.125,0.10999999940395355,0.19377602636814117,1.184156060218811,290.76611328125,1.3645402193069458,268.6670227050781,250.23583984375,0.000858306884765625,2.316561698913574,400.0,0.107374999672174
20210701.0,1.409999966621399,40.0,8.0,0.07999999821186066,0.125,0.10999999940395355,0.19377602636814117,1.184156060218811,295.4172058105469,1.3762141466140747,277.75164794921875,263.84063720703125,0.38501015305519104,2.1401946544647217,400.0,0.0905833331247171
20210704.0,1.409999966621399,40.0,8.0,0.07999999821186066,0.125,0.10999999940395355,0.19377602636814117,1.184156060218811,298.277587890625,1.3938316106796265,277.0026550292969,261.69464111328125,0.06749942898750305,2.2707173824310303,400.0,0.0826250004271666
20210706.0,1.409999966621399,40.0,8.0,0.07999999821186066,0.125,0.10999999940395355,0.19377602636814117,1.184156060218811,294.3896179199219,1.3844629526138306,267.40411376953125,248.60919189453125,0.5096027255058289,1.8971205949783325,400.0,0.100708335017165
20210707.0,1.409999966621399,40.0,8.0,0.07999999821186066,0.125,0.10999999940395355,0.19377602636814117,1.184156060218811,295.9029846191406,1.3798134326934814,270.4925537109375,249.80877685546875,0.4299352765083313,1.9526230096817017,400.0,0.0983333333084981
20210709.0,1.409999966621399,40.0,8.0,0.07999999821186066,0.125,0.10999999940395355,0.19377602636814117,1.184156060218811,295.16790771484375,1.3705357313156128,274.90960693359375,260.45660400390625,0.05613130331039429,1.612176775932312,400.0,0.0857499996200204
20210712.0,1.409999966621399,40.0,8.0,0.07999999821186066,0.125,0.10999999940395355,0.19377602636814117,1.184156060218811,296.6471252441406,1.3578640222549438,279.4112548828125,267.37310791015625,0.006131933070719242,1.422402262687683,400.0,0.0786521742525308
20210714.0,1.409999966621399,40.0,8.0,0.07999999821186066,0.125,0.10999999940395355,0.19377602636814117,1.184156060218811,290.73406982421875,1.3656580448150635,255.203369140625,234.24574279785156,23.20026206970215,3.144681453704834,400.0,0.0899583334103227
20210715.0,1.409999966621399,40.0,8.0,0.07999999821186066,0.125,0.10999999940395355,0.19377602636814117,1.184156060218811,293.0269775390625,1.369580626487732,261.1929626464844,241.288818359375,0.07021565735340118,2.7493817806243896,400.0,0.0912083334599932
20210717.0,1.409999966621399,40.0,8.0,0.07999999821186066,0.125,0.10999999940395355,0.19377602636814117,1.184156060218811,296.4454040527344,1.3782318830490112,270.765869140625,253.75115966796875,0.06856926530599594,2.7736117839813232,400.0,0.0807083339119951
20210720.0,1.409999966621399,40.0,8.0,0.07999999821186066,0.125,0.10999999940395355,0.19377602636814117,1.184156060218811,299.1096496582031,1.390697956085205,280.405517578125,265.2545166015625,0.0,2.2038509845733643,400.0,0.0750000004967054
20210722.0,1.409999966621399,40.0,8.0,0.07999999821186066,0.125,0.10999999940395355,0.19377602636814117,1.184156060218811,298.88470458984375,1.3901593685150146,281.1195068359375,269.8369140625,0.5044541358947754,1.903942584991455,400.0,0.0741333330670993
20210723.0,1.409999966621399,40.0,8.0,0.07999999821186066,0.125,0.10999999940395355,0.19377602636814117,1.184156060218811,298.7665100097656,1.3898900747299194,274.4898681640625,261.223876953125,0.11315827816724777,1.6567621231079102,400.0,0.0727826088019039
20210725.0,1.409999966621399,40.0,8.0,0.07999999821186066,0.125,0.10999999940395355,0.19377602636814117,1.184156060218811,299.55938720703125,1.3889200687408447,279.8367919921875,265.46099853515625,0.08072257786989212,1.675635814666748,400.0,0.0755833331495523
20210728.0,1.409999966621399,40.0,8.0,0.07999999821186066,0.125,0.10999999940395355,0.19377602636814117,1.184156060218811,302.1490783691406,1.3883899450302124,282.69500732421875,271.07049560546875,2.49497652053833,1.7556840181350708,400.0,0.0707391309349433
20210730.0,1.409999966621399,40.0,8.0,0.07999999821186066,0.125,0.10999999940395355,0.19377602636814117,1.184156060218811,293.3787841796875,1.4014759063720703,258.4185485839844,240.04454040527344,17.14304542541504,3.0535635948181152,400.0,0.115416667113702
20210731.0,1.409999966621399,40.0,8.0,0.07999999821186066,0.125,0.10999999940395355,0.19377602636814117,1.184156060218811,293.7904968261719,1.408085823059082,266.92926025390625,245.9966583251953,0.002593864221125841,2.383540153503418,400.0,0.121875000807146
20210802.0,1.409999966621399,40.0,8.0,0.07999999821186066,0.125,0.10999999940395355,0.19377602636814117,1.184156060218811,295.5204772949219,1.4221023321151733,273.3123779296875,259.41241455078125,0.0008583496091887355,2.4537346363067627,400.0,0.111833332727353
20210805.0,1.409999966621399,40.0,8.0,0.07999999821186066,0.125,0.10999999940395355,0.19377602636814117,1.184156060218811,297.1612243652344,1.4422334432601929,277.652099609375,269.3690185546875,0.7808947563171387,2.14823579788208,400.0,0.0905416660631696
20210807.0,1.409999966621399,40.0,8.0,0.07999999821186066,0.125,0.10999999940395355,0.19377602636814117,1.184156060218811,295.0140380859375,1.4376791715621948,268.2081298828125,252.2874755859375,0.046832650899887085,1.6892335414886475,400.0,0.082499999863406
20210810.0,1.409999966621399,40.0,8.0,0.07999999821186066,0.125,0.10999999940395355,0.19377602636814117,1.184156060218811,293.0415344238281,1.4300432205200195,275.7529296875,264.1595764160156,0.7203423380851746,1.6987314224243164,400.0,0.0786086955796117
20210813.0,1.409999966621399,40.0,8.0,0.07999999821186066,0.125,0.10999999940395355,0.19377602636814117,1.184156060218811,293.1568298339844,1.4222502708435059,279.2972412109375,267.79620361328125,0.000858306884765625,1.1196151971817017,400.0,0.0727916667237878
20210815.0,1.409999966621399,40.0,8.0,0.07999999821186066,0.125,0.10999999940395355,0.19377602636814117,1.184156060218811,297.50836181640625,1.43557870388031,280.5173034667969,269.00689697265625,0.0,1.0373393297195435,400.0,0.06958333371828
20210816.0,1.409999966621399,40.0,8.0,0.07999999821186066,0.125,0.10999999940395355,0.19377602636814117,1.184156060218811,298.854248046875,1.442307949066162,281.49835205078125,271.04437255859375,0.00170469272416085,1.0322849750518799,400.0,0.0675416669497887
20210818.0,1.409999966621399,40.0,8.0,0.07999999821186066,0.125,0.10999999940395355,0.19377602636814117,1.184156060218811,298.3231506347656,1.4559638500213623,281.1909484863281,271.139892578125,0.002157687908038497,0.6948806643486023,400.0,0.0660416670143604
20210821.0,1.409999966621399,40.0,8.0,0.07999999821186066,0.125,0.10999999940395355,0.19377602636814117,1.184156060218811,286.78125,1.4752311706542969,253.22116088867188,233.51092529296875,0.09180127084255219,1.6606388092041016,400.0,0.134173914142277
20210823.0,1.409999966621399,40.0,8.0,0.07999999821186066,0.125,0.10999999940395355,0.19377602636814117,1.184156060218811,292.5537109375,1.4649337530136108,261.44586181640625,241.7545623779297,0.041431620717048645,2.0396711826324463,400.0,0.12433333384494
20210824.0,1.409999966621399,40.0,8.0,0.07999999821186066,0.125,0.10999999940395355,0.19377602636814117,1.184156060218811,292.91387939453125,1.459821105003357,266.2861022949219,248.163818359375,0.0017105871811509132,1.5291775465011597,400.0,0.117791666649282
20210826.0,1.409999966621399,40.0,8.0,0.07999999821186066,0.125,0.10999999940395355,0.19377602636814117,1.184156060218811,294.5579833984375,1.4485602378845215,272.97418212890625,258.2191467285156,0.9962767362594604,1.5021108388900757,400.0,0.10300000042965
20210829.0,1.409999966621399,40.0,8.0,0.07999999821186066,0.125,0.10999999940395355,0.19377602636814117,1.184156060218811,287.8042907714844,1.4342600107192993,268.2179870605469,253.48910522460938,0.0030126592610031366,1.5776293277740479,400.0,0.0829583344360193
20210831.0,1.409999966621399,40.0,8.0,0.07999999821186066,0.125,0.10999999940395355,0.19377602636814117,1.184156060218811,294.60882568359375,1.4594157934188843,275.79351806640625,262.4881896972656,0.00043511379044502974,1.6788115501403809,400.0,0.0811666678637266
20210901.0,1.409999966621399,40.0,8.0,0.07999999821186066,0.125,0.10999999940395355,0.19377602636814117,1.184156060218811,296.28759765625,1.4722172021865845,277.83538818359375,265.2616271972656,0.22965797781944275,1.1813911199569702,400.0,0.0785416675110658
20210903.0,1.409999966621399,40.0,8.0,0.07999999821186066,0.125,0.10999999940395355,0.19377602636814117,1.184156060218811,288.3969421386719,1.4999611377716064,272.6585693359375,257.6437072753906,24.650108337402344,3.0323092937469482,400.0,0.0738750003899137
20210906.0,1.409999966621399,40.0,8.0,0.07999999821186066,0.125,0.10999999940395355,0.19377602636814117,1.184156060218811,293.2198181152344,1.5406781435012817,273.1287841796875,258.3949890136719,0.0017201012233272195,2.30143141746521,400.0,0.0760000003501773
20210908.0,1.409999966621399,40.0,8.0,0.07999999821186066,0.125,0.10999999940395355,0.19377602636814117,1.184156060218811,289.90478515625,1.5381273031234741,275.37530517578125,263.94488525390625,0.00043511379044502974,1.6337127685546875,400.0,0.0721250002582868
20210909.0,1.409999966621399,40.0,8.0,0.07999999821186066,0.125,0.10999999940395355,0.19377602636814117,1.184156060218811,293.2441711425781,1.5368537902832031,276.6771240234375,265.6682434082031,0.0008533311192877591,1.8723843097686768,400.0,0.0714583328614632
20210911.0,1.409999966621399,40.0,8.0,0.07999999821186066,0.125,0.10999999940395355,0.19377602636814117,1.184156060218811,294.6025085449219,1.5328102111816406,278.27874755859375,266.92791748046875,0.15672512352466583,1.4402804374694824,400.0,0.0701250002409021
20210914.0,1.409999966621399,40.0,8.0,0.07999999821186066,0.125,0.10999999940395355,0.19377602636814117,1.184156060218811,288.256103515625,1.5308603048324585,264.967041015625,249.87864685058594,2.116091251373291,1.30889093875885,400.0,0.0640833335928619
20210916.0,1.409999966621399,40.0,8.0,0.07999999821186066,0.125,0.10999999940395355,0.19377602636814117,1.184156060218811,290.7867126464844,1.5908267498016357,271.50579833984375,257.8487243652344,0.001722574234008789,1.2350572347640991,400.0,0.0671250003700455
20210917.0,1.409999966621399,40.0,8.0,0.07999999821186066,0.125,0.10999999940395355,0.19377602636814117,1.184156060218811,284.34820556640625,1.6218565702438354,272.2986145019531,260.4288330078125,0.0008595241815783083,1.0118228197097778,400.0,0.0639565220993498
20210919.0,1.409999966621399,40.0,8.0,0.07999999821186066,0.125,0.10999999940395355,0.19377602636814117,1.184156060218811,295.5992431640625,1.6891590356826782,276.39581298828125,264.35906982421875,0.17828649282455444,1.219951868057251,400.0,0.0630416671435038
20210922.0,1.409999966621399,40.0,8.0,0.07999999821186066,0.125,0.10999999940395355,0.19377602636814117,1.184156060218811,286.4981689453125,1.7950420379638672,265.27288818359375,250.6126251220703,0.0008523463038727641,1.3294810056686401,400.0,0.0630000006893407
20210924.0,1.409999966621399,40.0,8.0,0.07999999821186066,0.125,0.10999999940395355,0.19377602636814117,1.184156060218811,286.295654296875,1.794252634048462,272.3818054199219,261.392578125,0.13271644711494446,0.8703740239143372,400.0,0.0654166677656273
20210925.0,1.409999966621399,40.0,8.0,0.07999999821186066,0.125,0.10999999940395355,0.19377602636814117,1.184156060218811,287.67755126953125,1.7938578128814697,272.5455627441406,260.70904541015625,0.000848992436658591,1.1170223951339722,400.0,0.0635217395813569
20210927.0,1.409999966621399,40.0,8.0,0.07999999821186066,0.125,0.10999999940395355,0.19377602636814117,1.184156060218811,293.34771728515625,1.7931097745895386,275.2740478515625,264.1092529296875,0.0,1.0982129573822021,400.0,0.0619583330117166
20210930.0,1.409999966621399,40.0,8.0,0.07999999821186066,0.125,0.10999999940395355,0.19377602636814117,1.184156060218811,282.8360595703125,1.7910717725753784,260.52154541015625,244.7094268798828,0.1260516494512558,0.7939212918281555,400.0,0.0598695650696754
20211002.0,1.409999966621399,40.0,8.0,0.07999999821186066,0.125,0.10999999940395355,0.19377602636814117,1.184156060218811,284.53924560546875,1.7759506702423096,268.322021484375,253.7159423828125,0.0008599273860454559,0.7012861371040344,400.0,0.0642499999764065
20211003.0,1.409999966621399,40.0,8.0,0.07999999821186066,0.125,0.10999999940395355,0.19377602636814117,1.184156060218811,287.41082763671875,1.768439531326294,269.30218505859375,257.355224609375,0.0,0.8411458730697632,400.0,0.0671250003700455
20211005.0,1.409999966621399,40.0,8.0,0.07999999821186066,0.125,0.10999999940395355,0.19377602636814117,1.184156060218811,292.56134033203125,1.7527990341186523,273.7953186035156,260.61553955078125,0.0017195938853546977,0.9230320453643799,400.0,0.068250000787278
20211008.0,1.409999966621399,40.0,8.0,0.07999999821186066,0.125,0.10999999940395355,0.19377602636814117,1.184156060218811,287.7086486816406,1.7323286533355713,276.14044189453125,264.32843017578125,0.41307035088539124,0.7146843075752258,400.0,0.0642916670379539
20211010.0,1.409999966621399,40.0,8.0,0.07999999821186066,0.125,0.10999999940395355,0.19377602636814117,1.184156060218811,281.46630859375,1.7591722011566162,247.359619140625,230.2950439453125,5.612395286560059,1.9001810550689697,400.0,0.214875000839432
20211011.0,1.409999966621399,40.0,8.0,0.07999999821186066,0.125,0.10999999940395355,0.19377602636814117,1.184156060218811,281.1807556152344,1.7727570533752441,251.50311279296875,229.287353515625,0.0008645750349387527,0.7978803515434265,400.0,0.208374999463558
20211016.0,1.409999966621399,40.0,8.0,0.07999999821186066,0.125,0.10999999940395355,0.19377602636814117,1.184156060218811,273.5322570800781,1.8441283702850342,247.22474670410156,230.97976684570312,0.0,0.9278081059455872,400.0,0.275111115641064
20211018.0,1.409999966621399,40.0,8.0,0.07999999821186066,0.125,0.10999999940395355,0.19377602636814117,1.184156060218811,282.4972839355469,1.8262361288070679,242.5117950439453,219.35311889648438,0.0008702277555130422,1.1804195642471313,400.0,0.290363636883822
20211019.0,1.409999966621399,40.0,8.0,0.07999999821186066,0.125,0.10999999940395355,0.19377602636814117,1.184156060218811,276.0879821777344,1.8173551559448242,244.47659301757812,222.16433715820312,2.3011059761047363,0.49047333002090454,400.0,0.263533329963684
20211021.0,1.409999966621399,40.0,8.0,0.07999999821186066,0.125,0.10999999940395355,0.19377602636814117,1.184156060218811,276.9920654296875,1.7976669073104858,241.51736450195312,217.9664306640625,0.0,0.7948228120803833,400.0,0.292333334684372
20211024.0,1.409999966621399,40.0,8.0,0.07999999821186066,0.125,0.10999999940395355,0.19377602636814117,1.184156060218811,279.796142578125,1.7702107429504395,242.70123291015625,223.16726684570312,2.566737413406372,1.7240149974822998,400.0,0.266541666040818
20211026.0,1.409999966621399,40.0,8.0,0.07999999821186066,0.125,0.10999999940395355,0.19377602636814117,1.184156060218811,283.4246826171875,1.7743055820465088,245.99951171875,220.55162048339844,3.9952666759490967,1.0377858877182007,400.0,0.245909089391882
20211027.0,1.409999966621399,40.0,8.0,0.07999999821186066,0.125,0.10999999940395355,0.19377602636814117,1.184156060218811,276.7493896484375,1.776356816291809,241.32568359375,221.60992431640625,1.4589442014694214,1.6502186059951782,400.0,0.279230768863971
20211029.0,1.409999966621399,40.0,8.0,0.07999999821186066,0.125,0.10999999940395355,0.19377602636814117,1.184156060218811,280.5451354980469,1.781465768814087,241.4690399169922,217.0032196044922,0.0,1.1888244152069092,400.0,0.298125000049671
20211103.0,1.409999966621399,40.0,8.0,0.07999999821186066,0.125,0.10999999940395355,0.19377602636814117,1.184156060218811,275.96893310546875,1.7901641130447388,250.32028198242188,230.56134033203125,0.002577110193669796,0.6843011975288391,400.0,0.246687500737607
20220327.0,1.409999966621399,40.0,8.0,0.07999999821186066,0.125,0.10999999940395355,0.19377602636814117,1.184156060218811,277.89697265625,2.5020172595977783,248.81988525390625,228.73199462890625,2.865222692489624,1.7700680494308472,400.0,0.312461536664229
20220328.0,1.409999966621399,40.0,8.0,0.07999999821186066,0.125,0.10999999940395355,0.19377602636814117,1.184156060218811,283.4200744628906,2.573657274246216,251.9841766357422,232.91265869140625,0.0,1.6794791221618652,400.0,0.300478262745816
20220404.0,1.409999966621399,40.0,8.0,0.07999999821186066,0.125,0.10999999940395355,0.19377602636814117,1.184156060218811,277.8072204589844,2.4448046684265137,242.7205810546875,221.17991638183594,0.001728532835841179,1.778366208076477,400.0,0.333166666328907
20220420.0,1.409999966621399,40.0,8.0,0.07999999821186066,0.125,0.10999999940395355,0.19377602636814117,1.184156060218811,278.7535095214844,2.083674192428589,251.11920166015625,229.49136352539062,2.5460798740386963,2.2292580604553223,400.0,0.308631576989826
20220421.0,1.409999966621399,40.0,8.0,0.07999999821186066,0.125,0.10999999940395355,0.19377602636814117,1.184156060218811,277.2440185546875,2.0655059814453125,248.22735595703125,228.79937744140625,0.39284804463386536,1.8865618705749512,400.0,0.290799999237061
20220426.0,1.409999966621399,40.0,8.0,0.07999999821186066,0.125,0.10999999940395355,0.19377602636814117,1.184156060218811,276.41461181640625,1.9768022298812866,240.97222900390625,222.64422607421875,0.0025581156369298697,1.7120864391326904,400.0,0.30309090831063
20220429.0,1.409999966621399,40.0,8.0,0.07999999821186066,0.125,0.10999999940395355,0.19377602636814117,1.184156060218811,279.3881530761719,1.9257158041000366,246.004638671875,227.6830291748047,11.816539764404297,1.0284829139709473,400.0,0.339000003412366
20220504.0,1.409999966621399,40.0,8.0,0.07999999821186066,0.125,0.10999999940395355,0.19377602636814117,1.184156060218811,279.90081787109375,1.880108118057251,247.28805541992188,223.26487731933594,3.341876268386841,1.9378734827041626,400.0,0.278291668742895
20220506.0,1.409999966621399,40.0,8.0,0.07999999821186066,0.125,0.10999999940395355,0.19377602636814117,1.184156060218811,286.0489196777344,1.8725684881210327,249.3953857421875,223.93936157226562,0.14150871336460114,2.8947908878326416,400.0,0.25816666521132
20220507.0,1.409999966621399,40.0,8.0,0.07999999821186066,0.125,0.10999999940395355,0.19377602636814117,1.184156060218811,287.1917419433594,1.868709683418274,252.27886962890625,229.0328369140625,0.3670749068260193,2.840625047683716,400.0,0.252458330243826
20220509.0,1.409999966621399,40.0,8.0,0.07999999821186066,0.125,0.10999999940395355,0.19377602636814117,1.184156060218811,280.30584716796875,1.8610154390335083,249.27008056640625,233.40374755859375,6.377851486206055,3.988123655319214,400.0,0.264541666333874
20220512.0,1.409999966621399,40.0,8.0,0.07999999821186066,0.125,0.10999999940395355,0.19377602636814117,1.184156060218811,282.89996337890625,1.845121145248413,253.62057495117188,236.35354614257812,11.952703475952148,1.6517013311386108,400.0,0.296166667093833
20220514.0,1.409999966621399,40.0,8.0,0.07999999821186066,0.125,0.10999999940395355,0.19377602636814117,1.184156060218811,281.3410949707031,1.8344943523406982,241.51904296875,219.00714111328125,0.03542599454522133,2.7113420963287354,400.0,0.30304166674614
20220515.0,1.409999966621399,40.0,8.0,0.07999999821186066,0.125,0.10999999940395355,0.19377602636814117,1.184156060218811,283.15673828125,1.8290332555770874,249.71884155273438,232.367919921875,2.9411964416503906,3.329373836517334,400.0,0.286250001440446
20220517.0,1.409999966621399,40.0,8.0,0.07999999821186066,0.125,0.10999999940395355,0.19377602636814117,1.184156060218811,287.0500183105469,1.8186235427856445,255.87625122070312,239.03305053710938,0.6497570276260376,2.6270039081573486,400.0,0.247250001256665
20220523.0,1.409999966621399,40.0,8.0,0.07999999821186066,0.125,0.10999999940395355,0.19377602636814117,1.184156060218811,281.37579345703125,1.761281967163086,253.9994354248047,233.62261962890625,1.8000025749206543,2.339914083480835,400.0,0.313749998807907
20220525.0,1.409999966621399,40.0,8.0,0.07999999821186066,0.125,0.10999999940395355,0.19377602636814117,1.184156060218811,283.88427734375,1.7403943538665771,253.51112365722656,234.5732879638672,0.11261674016714096,2.874823570251465,400.0,0.314916665355365
20220528.0,1.409999966621399,40.0,8.0,0.07999999821186066,0.125,0.10999999940395355,0.19377602636814117,1.184156060218811,289.6439514160156,1.620910882949829,263.75042724609375,247.57130432128906,2.6386830806732178,2.638305425643921,400.0,0.235708332931002
20220530.0,1.409999966621399,40.0,8.0,0.07999999821186066,0.125,0.10999999940395355,0.19377602636814117,1.184156060218811,283.3395690917969,1.5438896417617798,251.40869140625,229.7861328125,20.784971237182617,2.7497265338897705,400.0,0.34908333607018
20220531.0,1.409999966621399,40.0,8.0,0.07999999821186066,0.125,0.10999999940395355,0.19377602636814117,1.184156060218811,280.2704772949219,1.5083602666854858,246.77371215820312,228.77767944335938,6.618509769439697,3.8096866607666016,400.0,0.358208333452543
20220602.0,1.409999966621399,40.0,8.0,0.07999999821186066,0.125,0.10999999940395355,0.19377602636814117,1.184156060218811,283.10736083984375,1.4404070377349854,250.30601501464844,228.1009521484375,0.004227814730256796,2.7295730113983154,400.0,0.295166667550802
20220605.0,1.409999966621399,40.0,8.0,0.07999999821186066,0.125,0.10999999940395355,0.19377602636814117,1.184156060218811,287.66058349609375,1.42062246799469,247.51193237304688,226.99794006347656,9.156351089477539,3.6144330501556396,400.0,0.331416662782431
20220607.0,1.409999966621399,40.0,8.0,0.07999999821186066,0.125,0.10999999940395355,0.19377602636814117,1.184156060218811,284.0602111816406,1.4098926782608032,248.56881713867188,228.08291625976562,8.682007789611816,2.8663382530212402,400.0,0.359958332031965
20220608.0,1.409999966621399,40.0,8.0,0.07999999821186066,0.125,0.10999999940395355,0.19377602636814117,1.184156060218811,284.2715148925781,1.404506802558899,246.72900390625,227.06539916992188,0.021350614726543427,2.7198984622955322,400.0,0.340458329766989
20220610.0,1.409999966621399,40.0,8.0,0.07999999821186066,0.125,0.10999999940395355,0.19377602636814117,1.184156060218811,289.9687805175781,1.3938237428665161,254.753662109375,231.09242248535156,0.06815563142299652,3.603482246398926,400.0,0.290375002970298
20220613.0,1.409999966621399,40.0,8.0,0.07999999821186066,0.125,0.10999999940395355,0.19377602636814117,1.184156060218811,291.760986328125,1.3787132501602173,253.61221313476562,232.3131103515625,1.4463157653808594,3.3474345207214355,400.0,0.345833332588275
20220615.0,1.409999966621399,40.0,8.0,0.07999999821186066,0.125,0.10999999940395355,0.19377602636814117,1.184156060218811,285.09112548828125,1.368812918663025,247.94094848632812,225.42831420898438,0.00043511384865269065,3.935119867324829,400.0,0.324166666716337
20220616.0,1.409999966621399,40.0,8.0,0.07999999821186066,0.125,0.10999999940395355,0.19377602636814117,1.184156060218811,288.8853454589844,1.3637663125991821,253.53753662109375,230.43508911132812,0.0,4.0750579833984375,400.0,0.295874997973442
20220621.0,1.409999966621399,40.0,8.0,0.07999999821186066,0.125,0.10999999940395355,0.19377602636814117,1.184156060218811,286.4324951171875,1.3300340175628662,263.0155029296875,245.78294372558594,1.2805196046829224,3.74491548538208,400.0,0.167666666209698
20220623.0,1.409999966621399,40.0,8.0,0.07999999821186066,0.125,0.10999999940395355,0.19377602636814117,1.184156060218811,293.3421325683594,1.314298152923584,270.7010803222656,253.42169189453125,0.0012975618010386825,3.8603742122650146,400.0,0.150208332265417
20220624.0,1.409999966621399,40.0,8.0,0.07999999821186066,0.125,0.10999999940395355,0.19377602636814117,1.184156060218811,293.586669921875,1.3067824840545654,272.81268310546875,256.67291259765625,1.3708049058914185,3.2296090126037598,400.0,0.136666669199864
20220626.0,1.409999966621399,40.0,8.0,0.07999999821186066,0.125,0.10999999940395355,0.19377602636814117,1.184156060218811,285.93463134765625,1.2913661003112793,263.13092041015625,243.51156616210938,0.00043511379044502974,3.126549482345581,400.0,0.250833333159486
20220629.0,1.409999966621399,40.0,8.0,0.07999999821186066,0.125,0.10999999940395355,0.19377602636814117,1.184156060218811,297.9424133300781,1.2853063344955444,275.17578125,258.35308837890625,0.007993620820343494,3.4968113899230957,400.0,0.171916667371988
20220701.0,1.409999966621399,40.0,8.0,0.07999999821186066,0.125,0.10999999940395355,0.19377602636814117,1.184156060218811,291.5141296386719,1.2812645435333252,270.7167663574219,255.62472534179688,5.260715961456299,2.5134165287017822,400.0,0.147249998524785
20220702.0,1.409999966621399,40.0,8.0,0.07999999821186066,0.125,0.10999999940395355,0.19377602636814117,1.184156060218811,291.62017822265625,1.279470682144165,269.5577697753906,254.18121337890625,0.17405879497528076,3.193221092224121,400.0,0.135083335762223
20220704.0,1.409999966621399,40.0,8.0,0.07999999821186066,0.125,0.10999999940395355,0.19377602636814117,1.184156060218811,294.8828125,1.2758963108062744,273.23162841796875,257.9420166015625,3.4510536193847656,3.1992411613464355,400.0,0.120416666691502
20220707.0,1.409999966621399,40.0,8.0,0.07999999821186066,0.125,0.10999999940395355,0.19377602636814117,1.184156060218811,293.2319030761719,1.285393238067627,267.71820068359375,249.59188842773438,1.0859179496765137,3.6310110092163086,400.0,0.109875000702838
20220709.0,1.409999966621399,40.0,8.0,0.07999999821186066,0.125,0.10999999940395355,0.19377602636814117,1.184156060218811,297.99896240234375,1.2922418117523193,276.7037658691406,259.38818359375,0.0030063483864068985,4.368728160858154,400.0,0.115916666574776
20220710.0,1.409999966621399,40.0,8.0,0.07999999821186066,0.125,0.10999999940395355,0.19377602636814117,1.184156060218811,296.7251281738281,1.2956461906433105,278.07269287109375,263.6146545410156,0.005084665026515722,3.5113420486450195,400.0,0.111500000581145
20220712.0,1.409999966621399,40.0,8.0,0.07999999821186066,0.125,0.10999999940395355,0.19377602636814117,1.184156060218811,292.31396484375,1.30250084400177,273.47119140625,259.072021484375,0.0013843552442267537,3.730431318283081,400.0,0.132166666289171
20220715.0,1.409999966621399,40.0,8.0,0.07999999821186066,0.125,0.10999999940395355,0.19377602636814117,1.184156060218811,297.74163818359375,1.310904860496521,277.56671142578125,262.474609375,0.6755642890930176,3.319622755050659,400.0,0.101916666763524
20220717.0,1.409999966621399,40.0,8.0,0.07999999821186066,0.125,0.10999999940395355,0.19377602636814117,1.184156060218811,297.6472473144531,1.316496729850769,276.8907470703125,262.673828125,0.002735778223723173,3.3658385276794434,400.0,0.099086956485458
20220718.0,1.409999966621399,40.0,8.0,0.07999999821186066,0.125,0.10999999940395355,0.19377602636814117,1.184156060218811,301.12451171875,1.3193254470825195,282.2979736328125,268.31793212890625,0.00010285537427989766,3.2829298973083496,400.0,0.0957499990860621
20220720.0,1.409999966621399,40.0,8.0,0.07999999821186066,0.125,0.10999999940395355,0.19377602636814117,1.184156060218811,294.8011779785156,1.3250131607055664,281.0435791015625,269.27740478515625,0.0008523463038727641,2.734893321990967,400.0,0.0894166665772597
20220723.0,1.409999966621399,40.0,8.0,0.07999999821186066,0.125,0.10999999940395355,0.19377602636814117,1.184156060218811,295.8825378417969,1.3347432613372803,280.8709716796875,270.13555908203125,0.073550283908844,2.1478540897369385,400.0,0.0834583326553305
20220725.0,1.409999966621399,40.0,8.0,0.07999999821186066,0.125,0.10999999940395355,0.19377602636814117,1.184156060218811,292.2710876464844,1.341331124305725,261.4595947265625,241.4580078125,19.843952178955078,4.207223892211914,400.0,0.124916666497787
20220726.0,1.409999966621399,40.0,8.0,0.07999999821186066,0.125,0.10999999940395355,0.19377602636814117,1.184156060218811,291.3487548828125,1.3446125984191895,270.91827392578125,251.7852325439453,4.347679615020752,3.525089740753174,400.0,0.152041667451461
20220728.0,1.409999966621399,40.0,8.0,0.07999999821186066,0.125,0.10999999940395355,0.19377602636814117,1.184156060218811,290.9893493652344,1.3512132167816162,273.0848388671875,259.8224182128906,0.004423146136105061,2.910630464553833,400.0,0.133458333710829
20220731.0,1.409999966621399,40.0,8.0,0.07999999821186066,0.125,0.10999999940395355,0.19377602636814117,1.184156060218811,294.89483642578125,1.359086275100708,280.12921142578125,267.8471984863281,0.000858306884765625,2.7103545665740967,400.0,0.107249999729296
20220802.0,1.409999966621399,40.0,8.0,0.07999999821186066,0.125,0.10999999940395355,0.19377602636814117,1.184156060218811,296.6511535644531,1.3643449544906616,280.092041015625,270.78802490234375,0.0012814998626708984,2.2918667793273926,400.0,0.0960869555887969
20220803.0,1.409999966621399,40.0,8.0,0.07999999821186066,0.125,0.10999999940395355,0.19377602636814117,1.184156060218811,295.820556640625,1.366735816001892,279.0879821777344,267.93267822265625,0.0004410743713378906,2.495016574859619,400.0,0.0929583326602976
20220805.0,1.409999966621399,40.0,8.0,0.07999999821186066,0.125,0.10999999940395355,0.19377602636814117,1.184156060218811,299.0319519042969,1.3722130060195923,283.2671203613281,272.7406005859375,0.001284480094909668,2.2173421382904053,400.0,0.0880000004544854
20220923.0,1.409999966621399,40.0,8.0,0.07999999821186066,0.125,0.10999999940395355,0.19377602636814117,1.184156060218811,285.99658203125,1.4924546480178833,260.85076904296875,244.50465393066406,0.5258944034576416,1.372908592224121,400.0,0.178958337133129
20220925.0,1.409999966621399,40.0,8.0,0.07999999821186066,0.125,0.10999999940395355,0.19377602636814117,1.184156060218811,284.70623779296875,1.4816691875457764,262.3675537109375,245.71649169921875,0.00043511379044502974,1.27763831615448,400.0,0.168999998519818
20220928.0,1.409999966621399,40.0,8.0,0.07999999821186066,0.125,0.10999999940395355,0.19377602636814117,1.184156060218811,290.6228942871094,1.4675213098526,268.94476318359375,252.99301147460938,0.0,1.4645917415618896,400.0,0.150791666780909
20220930.0,1.409999966621399,40.0,8.0,0.07999999821186066,0.125,0.10999999940395355,0.19377602636814117,1.184156060218811,290.1700134277344,1.4599827527999878,270.935546875,259.65240478515625,0.2271902710199356,0.9664682745933533,400.0,0.137499999254942
20221001.0,1.409999966621399,40.0,8.0,0.07999999821186066,0.125,0.10999999940395355,0.19377602636814117,1.184156060218811,286.3113098144531,1.481541395187378,254.32872009277344,234.16424560546875,12.289481163024902,1.468255877494812,400.0,0.134166669100523
20221003.0,1.409999966621399,40.0,8.0,0.07999999821186066,0.125,0.10999999940395355,0.19377602636814117,1.184156060218811,284.35595703125,1.5417592525482178,260.26275634765625,242.1028289794922,2.7191755771636963,1.3924094438552856,400.0,0.133083334192634
20221006.0,1.409999966621399,40.0,8.0,0.07999999821186066,0.125,0.10999999940395355,0.19377602636814117,1.184156060218811,281.10015869140625,1.6336854696273804,261.62652587890625,245.154296875,0.7875909805297852,0.6569974422454834,400.0,0.123250001420577
20221008.0,1.409999966621399,40.0,8.0,0.07999999821186066,0.125,0.10999999940395355,0.19377602636814117,1.184156060218811,281.1310729980469,1.698254108428955,259.1067810058594,242.69973754882812,0.0,0.9905304312705994,400.0,0.118434781937496
20221009.0,1.409999966621399,40.0,8.0,0.07999999821186066,0.125,0.10999999940395355,0.19377602636814117,1.184156060218811,282.1700439453125,1.7305110692977905,260.7784423828125,245.05538940429688,0.0012993812561035156,1.1307353973388672,400.0,0.116625000101825
20221025.0,1.409999966621399,40.0,8.0,0.07999999821186066,0.125,0.10999999940395355,0.19377602636814117,1.184156060218811,273.77215576171875,1.8193191289901733,254.13674926757812,238.0265350341797,0.16012342274188995,1.0834332704544067,400.0,0.0957222220798333
20221030.0,1.409999966621399,40.0,8.0,0.07999999821186066,0.125,0.10999999940395355,0.19377602636814117,1.184156060218811,277.9495544433594,1.799818515777588,252.4145965576172,233.026611328125,0.0008583068265579641,0.877382218837738,400.0,0.11521739123956
20221101.0,1.409999966621399,40.0,8.0,0.07999999821186066,0.125,0.10999999940395355,0.19377602636814117,1.184156060218811,281.4090270996094,1.7936025857925415,256.22662353515625,236.484375,0.0012814998626708984,1.080858826637268,400.0,0.114833333219091
20221102.0,1.409999966621399,40.0,8.0,0.07999999821186066,0.125,0.10999999940395355,0.19377602636814117,1.184156060218811,284.877197265625,1.8092249631881714,258.20758056640625,239.73190307617188,0.0008702276973053813,1.413552165031433,400.0,0.115208333358169
20230418.0,1.409999966621399,40.0,8.0,0.07999999821186066,0.125,0.10999999940395355,0.19377602636814117,1.184156060218811,284.6898498535156,2.0946898460388184,250.26052856445312,228.7072296142578,1.2293131351470947,1.9512126445770264,400.0,0.252999996145566
20230419.0,1.409999966621399,40.0,8.0,0.07999999821186066,0.125,0.10999999940395355,0.19377602636814117,1.184156060218811,278.6275634765625,2.093757152557373,244.89126586914062,226.9400634765625,0.5824739933013916,2.0060698986053467,400.0,0.277388888928625
20230424.0,1.409999966621399,40.0,8.0,0.07999999821186066,0.125,0.10999999940395355,0.19377602636814117,1.184156060218811,277.46759033203125,2.083397150039673,246.64859008789062,228.30471801757812,0.029915988445281982,1.8035798072814941,400.0,0.28460869581803
20230426.0,1.409999966621399,40.0,8.0,0.07999999821186066,0.125,0.10999999940395355,0.19377602636814117,1.184156060218811,280.69488525390625,2.068760395050049,245.77296447753906,224.74850463867188,0.18838518857955933,2.0445075035095215,400.0,0.271500006318092
20230427.0,1.409999966621399,40.0,8.0,0.07999999821186066,0.125,0.10999999940395355,0.19377602636814117,1.184156060218811,280.9412536621094,2.061676025390625,247.96109008789062,226.1201934814453,7.063053131103516,2.287973165512085,400.0,0.267250000188748
20230429.0,1.409999966621399,40.0,8.0,0.07999999821186066,0.125,0.10999999940395355,0.19377602636814117,1.184156060218811,281.8358154296875,2.04618239402771,245.40562438964844,223.05935668945312,0.0025689597241580486,2.3685452938079834,400.0,0.27666666607062
20230502.0,1.409999966621399,40.0,8.0,0.07999999821186066,0.125,0.10999999940395355,0.19377602636814117,1.184156060218811,282.8894958496094,1.9864882230758667,253.49237060546875,234.521240234375,0.00043511384865269065,2.623232364654541,400.0,0.251416663949688
20230504.0,1.409999966621399,40.0,8.0,0.07999999821186066,0.125,0.10999999940395355,0.19377602636814117,1.184156060218811,288.5753173828125,1.8852282762527466,260.00177001953125,243.89849853515625,0.006304055452346802,2.6389353275299072,400.0,0.236083332449198
20230505.0,1.409999966621399,40.0,8.0,0.07999999821186066,0.125,0.10999999940395355,0.19377602636814117,1.184156060218811,287.35784912109375,1.8377996683120728,261.675048828125,247.5814208984375,4.015322208404541,2.111793041229248,400.0,0.22912499991556
20230507.0,1.409999966621399,40.0,8.0,0.07999999821186066,0.125,0.10999999940395355,0.19377602636814117,1.184156060218811,283.48919677734375,1.7481260299682617,254.10366821289062,237.31631469726562,0.3826799690723419,2.263544797897339,400.0,0.251458333184322
20230510.0,1.409999966621399,40.0,8.0,0.07999999821186066,0.125,0.10999999940395355,0.19377602636814117,1.184156060218811,288.43145751953125,1.6536065340042114,260.33673095703125,244.114013671875,1.9707485437393188,2.532834768295288,400.0,0.224625001351039
20230512.0,1.409999966621399,40.0,8.0,0.07999999821186066,0.125,0.10999999940395355,0.19377602636814117,1.184156060218811,281.85125732421875,1.6393754482269287,248.05252075195312,230.87539672851562,20.327377319335938,1.8722376823425293,400.0,0.312875001380841
20230513.0,1.409999966621399,40.0,8.0,0.07999999821186066,0.125,0.10999999940395355,0.19377602636814117,1.184156060218811,280.74432373046875,1.6323120594024658,243.17730712890625,228.80206298828125,10.868084907531738,1.7523245811462402,400.0,0.334833335131407
20230515.0,1.409999966621399,40.0,8.0,0.07999999821186066,0.125,0.10999999940395355,0.19377602636814117,1.184156060218811,283.45166015625,1.6177268028259277,242.08682250976562,224.0285186767578,0.0017195938853546977,2.3818397521972656,400.0,0.293916668742895
20230518.0,1.409999966621399,40.0,8.0,0.07999999821186066,0.125,0.10999999940395355,0.19377602636814117,1.184156060218811,284.4180908203125,1.5820157527923584,252.2149658203125,229.87423706054688,0.3027896583080292,2.493000030517578,400.0,0.260374998052915
20230520.0,1.409999966621399,40.0,8.0,0.07999999821186066,0.125,0.10999999940395355,0.19377602636814117,1.184156060218811,286.3973693847656,1.5344732999801636,255.36074829101562,235.1393585205078,0.0,3.434596538543701,400.0,0.242999999473492
20230521.0,1.409999966621399,40.0,8.0,0.07999999821186066,0.125,0.10999999940395355,0.19377602636814117,1.184156060218811,289.0899963378906,1.5118803977966309,259.7541809082031,242.04421997070312,0.0,3.390367031097412,400.0,0.230083333328366
20230526.0,1.409999966621399,40.0,8.0,0.07999999821186066,0.125,0.10999999940395355,0.19377602636814117,1.184156060218811,290.12579345703125,1.4088168144226074,255.6730499267578,235.0481414794922,4.747478485107422,2.9613022804260254,400.0,0.170250001053015
20230528.0,1.409999966621399,40.0,8.0,0.07999999821186066,0.125,0.10999999940395355,0.19377602636814117,1.184156060218811,288.3086853027344,1.3760783672332764,246.1009979248047,225.1981201171875,8.62352180480957,3.001927137374878,400.0,0.320708331962426
20230529.0,1.409999966621399,40.0,8.0,0.07999999821186066,0.125,0.10999999940395355,0.19377602636814117,1.184156060218811,288.351318359375,1.3600231409072876,248.2254638671875,227.9840087890625,0.8450466990470886,2.9941368103027344,400.0,0.31454166645805
20230531.0,1.409999966621399,40.0,8.0,0.07999999821186066,0.125,0.10999999940395355,0.19377602636814117,1.184156060218811,290.4283142089844,1.3289463520050049,252.188232421875,230.60450744628906,1.7670682668685913,3.5611369609832764,400.0,0.285041667521
20230603.0,1.409999966621399,40.0,8.0,0.07999999821186066,0.125,0.10999999940395355,0.19377602636814117,1.184156060218811,290.1149597167969,1.289614200592041,251.34762573242188,230.82595825195312,0.9215572476387024,2.762324094772339,400.0,0.332041664669911
20230605.0,1.409999966621399,40.0,8.0,0.07999999821186066,0.125,0.10999999940395355,0.19377602636814117,1.184156060218811,290.98504638671875,1.2734352350234985,255.67120361328125,231.7022247314453,0.031698282808065414,3.5990970134735107,400.0,0.289749999841054
20230606.0,1.409999966621399,40.0,8.0,0.07999999821186066,0.125,0.10999999940395355,0.19377602636814117,1.184156060218811,292.2844543457031,1.265284538269043,258.848876953125,236.9325408935547,0.011384365148842335,3.6600394248962402,400.0,0.269041667381922
20230608.0,1.409999966621399,40.0,8.0,0.07999999821186066,0.125,0.10999999940395355,0.19377602636814117,1.184156060218811,293.0140686035156,1.2497422695159912,266.18231201171875,246.87088012695312,2.911228895187378,3.499481678009033,400.0,0.27658333381017
20230611.0,1.409999966621399,40.0,8.0,0.07999999821186066,0.125,0.10999999940395355,0.19377602636814117,1.184156060218811,287.6488037109375,1.2406235933303833,250.23480224609375,228.009521484375,0.03327559679746628,2.8707118034362793,400.0,0.321333332608144
20230613.0,1.409999966621399,40.0,8.0,0.07999999821186066,0.125,0.10999999940395355,0.19377602636814117,1.184156060218811,289.0460510253906,1.2591203451156616,256.4598388671875,235.15521240234375,0.43530580401420593,3.221184492111206,400.0,0.286041665822268
20230614.0,1.409999966621399,40.0,8.0,0.07999999821186066,0.125,0.10999999940395355,0.19377602636814117,1.184156060218811,290.59857177734375,1.2680054903030396,260.0427551269531,239.92752075195312,0.1566639393568039,3.683194160461426,400.0,0.275541669378678
20230616.0,1.409999966621399,40.0,8.0,0.07999999821186066,0.125,0.10999999940395355,0.19377602636814117,1.184156060218811,284.86309814453125,1.2854900360107422,250.71470642089844,230.8494873046875,1.8821678161621094,3.1459221839904785,400.0,0.321291667719682
20230619.0,1.409999966621399,40.0,8.0,0.07999999821186066,0.125,0.10999999940395355,0.19377602636814117,1.184156060218811,292.65875244140625,1.2998721599578857,261.803955078125,238.1520233154297,0.7295727133750916,4.137092113494873,400.0,0.273166665186485
20230621.0,1.409999966621399,40.0,8.0,0.07999999821186066,0.125,0.10999999940395355,0.19377602636814117,1.184156060218811,287.56005859375,1.2911044359207153,257.0247802734375,237.87457275390625,22.083538055419922,3.3607900142669678,400.0,0.263772723349658
20230622.0,1.409999966621399,40.0,8.0,0.07999999821186066,0.125,0.10999999940395355,0.19377602636814117,1.184156060218811,287.19207763671875,1.2867586612701416,253.44122314453125,233.53890991210938,18.317211151123047,2.6839499473571777,400.0,0.357416664560636
20230624.0,1.409999966621399,40.0,8.0,0.07999999821186066,0.125,0.10999999940395355,0.19377602636814117,1.184156060218811,286.3025817871094,1.2784744501113892,245.94094848632812,225.34573364257812,11.305606842041016,3.2851099967956543,400.0,0.368166663994392
20230627.0,1.409999966621399,40.0,8.0,0.07999999821186066,0.125,0.10999999940395355,0.19377602636814117,1.184156060218811,289.3478088378906,1.2746292352676392,254.44766235351562,232.29083251953125,5.095331192016602,2.98600435256958,400.0,0.321416673560937
20230629.0,1.409999966621399,40.0,8.0,0.07999999821186066,0.125,0.10999999940395355,0.19377602636814117,1.184156060218811,289.793701171875,1.2871917486190796,252.40789794921875,232.446044921875,2.133328676223755,3.4929487705230713,400.0,0.332916667064031
20230630.0,1.409999966621399,40.0,8.0,0.07999999821186066,0.125,0.10999999940395355,0.19377602636814117,1.184156060218811,289.76611328125,1.2932159900665283,253.30494689941406,232.9477996826172,0.42162397503852844,3.580730676651001,400.0,0.330874999364217
20230702.0,1.409999966621399,40.0,8.0,0.07999999821186066,0.125,0.10999999940395355,0.19377602636814117,1.184156060218811,293.3482360839844,1.3051164150238037,257.6285705566406,235.37216186523438,0.0,4.162992000579834,400.0,0.307374997685353
20230705.0,1.409999966621399,40.0,8.0,0.07999999821186066,0.125,0.10999999940395355,0.19377602636814117,1.184156060218811,285.75225830078125,1.3186308145523071,252.3880615234375,230.25079345703125,1.0012363195419312,2.7384819984436035,400.0,0.344333329548438
20230707.0,1.409999966621399,40.0,8.0,0.07999999821186066,0.125,0.10999999940395355,0.19377602636814117,1.184156060218811,288.763427734375,1.3194284439086914,255.18096923828125,235.61968994140625,2.4492368698120117,3.9205079078674316,400.0,0.355083331465721
20230708.0,1.409999966621399,40.0,8.0,0.07999999821186066,0.125,0.10999999940395355,0.19377602636814117,1.184156060218811,288.9785461425781,1.3200099468231201,257.4207763671875,235.65359497070312,0.7409675121307373,3.0222697257995605,400.0,0.331583334753911
20230710.0,1.409999966621399,40.0,8.0,0.07999999821186066,0.125,0.10999999940395355,0.19377602636814117,1.184156060218811,293.6322021484375,1.3211556673049927,263.1834716796875,241.9772491455078,0.0709676444530487,3.7845497131347656,400.0,0.301791665454706
20230713.0,1.409999966621399,40.0,8.0,0.07999999821186066,0.125,0.10999999940395355,0.19377602636814117,1.184156060218811,292.22967529296875,1.3208434581756592,260.6528625488281,238.1265411376953,0.27557483315467834,3.57537579536438,400.0,0.33412499849995
20230715.0,1.409999966621399,40.0,8.0,0.07999999821186066,0.125,0.10999999940395355,0.19377602636814117,1.184156060218811,291.1813049316406,1.3170377016067505,263.157470703125,244.11947631835938,0.10524116456508636,3.3734939098358154,400.0,0.303083332876364
20230716.0,1.409999966621399,40.0,8.0,0.07999999821186066,0.125,0.10999999940395355,0.19377602636814117,1.184156060218811,292.2314453125,1.3152202367782593,267.8145751953125,248.07809448242188,0.12190084904432297,3.0987565517425537,400.0,0.286749999970198
20230718.0,1.409999966621399,40.0,8.0,0.07999999821186066,0.125,0.10999999940395355,0.19377602636814117,1.184156060218811,294.8903503417969,1.3115979433059692,268.2595520019531,251.21817016601562,0.715050220489502,3.225255250930786,400.0,0.260624997317791
20230721.0,1.409999966621399,40.0,8.0,0.07999999821186066,0.125,0.10999999940395355,0.19377602636814117,1.184156060218811,293.0721740722656,1.3055355548858643,272.54229736328125,257.246826171875,0.323408842086792,2.7034401893615723,400.0,0.224041667456428
20230723.0,1.409999966621399,40.0,8.0,0.07999999821186066,0.125,0.10999999940395355,0.19377602636814117,1.184156060218811,297.4891052246094,1.3003559112548828,276.4026794433594,261.748046875,0.18324345350265503,2.926206350326538,400.0,0.19649999961257
20230724.0,1.409999966621399,40.0,8.0,0.07999999821186066,0.125,0.10999999940395355,0.19377602636814117,1.184156060218811,298.4673156738281,1.2978044748306274,277.4378662109375,264.63995361328125,0.052348025143146515,2.5389580726623535,400.0,0.18145833350718
20230726.0,1.409999966621399,40.0,8.0,0.07999999821186066,0.125,0.10999999940395355,0.19377602636814117,1.184156060218811,297.6748962402344,1.293097734451294,276.81353759765625,264.02239990234375,0.0008494699723087251,2.7515621185302734,400.0,0.159000003089507
20230729.0,1.409999966621399,40.0,8.0,0.07999999821186066,0.125,0.10999999940395355,0.19377602636814117,1.184156060218811,295.25726318359375,1.2962580919265747,267.1600646972656,250.88421630859375,1.635779619216919,2.251772403717041,400.0,0.167583333328366
20230731.0,1.409999966621399,40.0,8.0,0.07999999821186066,0.125,0.10999999940395355,0.19377602636814117,1.184156060218811,297.1078186035156,1.3136650323867798,268.50994873046875,250.70950317382812,0.3274577260017395,2.3869850635528564,400.0,0.18154166576763
20230801.0,1.409999966621399,40.0,8.0,0.07999999821186066,0.125,0.10999999940395355,0.19377602636814117,1.184156060218811,297.0280456542969,1.3225147724151611,265.224365234375,248.086669921875,2.987405776977539,2.6649210453033447,400.0,0.197833332543572
20230803.0,1.409999966621399,40.0,8.0,0.07999999821186066,0.125,0.10999999940395355,0.19377602636814117,1.184156060218811,294.50848388671875,1.340183138847351,273.29827880859375,257.6471252441406,9.559979438781738,2.4723429679870605,400.0,0.195083334421118
20230806.0,1.409999966621399,40.0,8.0,0.07999999821186066,0.125,0.10999999940395355,0.19377602636814117,1.184156060218811,287.5997619628906,1.3588743209838867,252.09046936035156,231.96383666992188,2.5076613426208496,2.848910093307495,400.0,0.340958334505558
20230808.0,1.409999966621399,40.0,8.0,0.07999999821186066,0.125,0.10999999940395355,0.19377602636814117,1.184156060218811,288.7874755859375,1.3564261198043823,251.78619384765625,231.56063842773438,1.8618310689926147,2.5693519115448,400.0,0.323500002423922
20230809.0,1.409999966621399,40.0,8.0,0.07999999821186066,0.125,0.10999999940395355,0.19377602636814117,1.184156060218811,290.0042419433594,1.3555337190628052,254.83602905273438,234.39190673828125,0.11779694259166718,3.3560914993286133,400.0,0.317624998589357
20230811.0,1.409999966621399,40.0,8.0,0.07999999821186066,0.125,0.10999999940395355,0.19377602636814117,1.184156060218811,291.3612365722656,1.3538243770599365,261.4666748046875,240.75827026367188,0.0005439297528937459,3.306328535079956,400.0,0.299208334336678
20230814.0,1.409999966621399,40.0,8.0,0.07999999821186066,0.125,0.10999999940395355,0.19377602636814117,1.184156060218811,287.2774353027344,1.3503248691558838,261.9970703125,247.22549438476562,0.0,2.9860267639160156,400.0,0.297249995172024
20230816.0,1.409999966621399,40.0,8.0,0.07999999821186066,0.125,0.10999999940395355,0.19377602636814117,1.184156060218811,295.2725830078125,1.3463349342346191,270.66876220703125,252.51560974121094,0.0,3.5446677207946777,400.0,0.270208332687616
20230817.0,1.409999966621399,40.0,8.0,0.07999999821186066,0.125,0.10999999940395355,0.19377602636814117,1.184156060218811,292.8072509765625,1.3443833589553833,270.8990478515625,257.26385498046875,0.0,3.185886859893799,400.0,0.257624999930461
20230819.0,1.409999966621399,40.0,8.0,0.07999999821186066,0.125,0.10999999940395355,0.19377602636814117,1.184156060218811,296.1128234863281,1.340636134147644,274.6397399902344,260.78338623046875,0.0,2.9385597705841064,400.0,0.227874999245008
20230822.0,1.409999966621399,40.0,8.0,0.07999999821186066,0.125,0.10999999940395355,0.19377602636814117,1.184156060218811,298.4643859863281,1.3383839130401611,276.91119384765625,263.50299072265625,0.920505702495575,3.054985761642456,400.0,0.199826086992803
20230824.0,1.409999966621399,40.0,8.0,0.07999999821186066,0.125,0.10999999940395355,0.19377602636814117,1.184156060218811,296.1206359863281,1.3428326845169067,276.259521484375,264.297119140625,1.3952369689941406,2.785266399383545,400.0,0.178750001514951
20230825.0,1.409999966621399,40.0,8.0,0.07999999821186066,0.125,0.10999999940395355,0.19377602636814117,1.184156060218811,292.95599365234375,1.344934344291687,275.9940185546875,265.698974609375,0.0014959065010771155,2.255791187286377,400.0,0.168874997645617
20230827.0,1.409999966621399,40.0,8.0,0.07999999821186066,0.125,0.10999999940395355,0.19377602636814117,1.184156060218811,294.6926574707031,1.3492141962051392,277.19000244140625,265.2589416503906,1.639905571937561,2.636984348297119,400.0,0.156083335479101
20230830.0,1.409999966621399,40.0,8.0,0.07999999821186066,0.125,0.10999999940395355,0.19377602636814117,1.184156060218811,296.24310302734375,1.3583875894546509,277.64459228515625,265.1725158691406,0.0008470061584375799,2.2787272930145264,400.0,0.142666668320696
20230901.0,1.409999966621399,40.0,8.0,0.07999999821186066,0.125,0.10999999940395355,0.19377602636814117,1.184156060218811,293.4106750488281,1.3694289922714233,275.8600769042969,263.79888916015625,0.004961883649230003,1.6271259784698486,400.0,0.133125000322858
20230902.0,1.409999966621399,40.0,8.0,0.07999999821186066,0.125,0.10999999940395355,0.19377602636814117,1.184156060218811,296.841796875,1.3748925924301147,278.75982666015625,266.1353759765625,0.0,1.9377127885818481,400.0,0.130749996751547
20230904.0,1.409999966621399,40.0,8.0,0.07999999821186066,0.125,0.10999999940395355,0.19377602636814117,1.184156060218811,296.1978759765625,1.3858224153518677,277.1853332519531,265.855224609375,4.185374736785889,1.9052069187164307,400.0,0.134250000740091
20230907.0,1.409999966621399,40.0,8.0,0.07999999821186066,0.125,0.10999999940395355,0.19377602636814117,1.184156060218811,290.3514404296875,1.400755524635315,259.2880554199219,240.4143524169922,1.5105031728744507,2.565880060195923,400.0,0.286208334068457
20230909.0,1.409999966621399,40.0,8.0,0.07999999821186066,0.125,0.10999999940395355,0.19377602636814117,1.184156060218811,288.96612548828125,1.4083077907562256,266.06494140625,247.42550659179688,3.0117225646972656,1.9798166751861572,400.0,0.262791663408279
20230910.0,1.409999966621399,40.0,8.0,0.07999999821186066,0.125,0.10999999940395355,0.19377602636814117,1.184156060218811,285.63958740234375,1.4121057987213135,249.86087036132812,231.74655151367188,20.904409408569336,3.0262045860290527,400.0,0.335374999791384
20230912.0,1.409999966621399,40.0,8.0,0.07999999821186066,0.125,0.10999999940395355,0.19377602636814117,1.184156060218811,287.2389221191406,1.420174479484558,253.69061279296875,234.51812744140625,0.01856507547199726,2.3727378845214844,400.0,0.310958334555229
20230915.0,1.409999966621399,40.0,8.0,0.07999999821186066,0.125,0.10999999940395355,0.19377602636814117,1.184156060218811,285.8355407714844,1.443589448928833,258.33380126953125,239.43661499023438,0.0004410743713378906,2.163182258605957,400.0,0.311583332717419
20230917.0,1.409999966621399,40.0,8.0,0.07999999821186066,0.125,0.10999999940395355,0.19377602636814117,1.184156060218811,289.0933532714844,1.479954481124878,260.9171447753906,244.10000610351562,0.0008523463038727641,2.5556888580322266,400.0,0.284916667888562
20230918.0,1.409999966621399,40.0,8.0,0.07999999821186066,0.125,0.10999999940395355,0.19377602636814117,1.184156060218811,290.7627868652344,1.4981306791305542,264.73944091796875,247.3472442626953,0.27528926730155945,2.5632894039154053,400.0,0.271958336234093
20230920.0,1.409999966621399,40.0,8.0,0.07999999821186066,0.125,0.10999999940395355,0.19377602636814117,1.184156060218811,289.37921142578125,1.5348256826400757,268.9538879394531,252.73513793945312,0.15225566923618317,2.1745975017547607,400.0,0.24487500016888
20230923.0,1.409999966621399,40.0,8.0,0.07999999821186066,0.125,0.10999999940395355,0.19377602636814117,1.184156060218811,284.1492004394531,1.5822429656982422,246.78451538085938,230.00660705566406,4.473638534545898,2.130699872970581,400.0,0.334124997258186
20230925.0,1.409999966621399,40.0,8.0,0.07999999821186066,0.125,0.10999999940395355,0.19377602636814117,1.184156060218811,286.0455322265625,1.597313404083252,256.712890625,237.71078491210938,0.00086415238911286,1.8745126724243164,400.0,0.327500000596046
20230926.0,1.409999966621399,40.0,8.0,0.07999999821186066,0.125,0.10999999940395355,0.19377602636814117,1.184156060218811,287.83868408203125,1.60529625415802,259.24420166015625,243.88027954101562,0.00042617321014404297,1.9344090223312378,400.0,0.312124998619159
20230928.0,1.409999966621399,40.0,8.0,0.07999999821186066,0.125,0.10999999940395355,0.19377602636814117,1.184156060218811,288.6662292480469,1.6210893392562866,263.57843017578125,246.07041931152344,0.0008593209786340594,1.5477486848831177,400.0,0.282375001658996
20231001.0,1.409999966621399,40.0,8.0,0.07999999821186066,0.125,0.10999999940395355,0.19377602636814117,1.184156060218811,289.46099853515625,1.6336361169815063,258.6551818847656,239.5955352783203,0.0004410743713378906,1.4144352674484253,400.0,0.314250001062949
20231003.0,1.409999966621399,40.0,8.0,0.07999999821186066,0.125,0.10999999940395355,0.19377602636814117,1.184156060218811,284.3455810546875,1.6217906475067139,255.42648315429688,235.91111755371094,9.072364807128906,2.3529276847839355,400.0,0.308083331833283
20231004.0,1.409999966621399,40.0,8.0,0.07999999821186066,0.125,0.10999999940395355,0.19377602636814117,1.184156060218811,280.8179016113281,1.6163454055786133,253.79583740234375,235.87704467773438,2.167710065841675,2.0009937286376953,400.0,0.357291663686434
20231006.0,1.409999966621399,40.0,8.0,0.07999999821186066,0.125,0.10999999940395355,0.19377602636814117,1.184156060218811,277.0012512207031,1.6063154935836792,250.23861694335938,229.1795196533203,0.005990178324282169,1.2731481790542603,400.0,0.338538461006605
20231009.0,1.409999966621399,40.0,8.0,0.07999999821186066,0.125,0.10999999940395355,0.19377602636814117,1.184156060218811,284.377685546875,1.6080513000488281,258.7279052734375,241.94789123535156,0.0008523463038727641,1.452001690864563,400.0,0.308333332339923
20231011.0,1.409999966621399,40.0,8.0,0.07999999821186066,0.125,0.10999999940395355,0.19377602636814117,1.184156060218811,284.7870788574219,1.6392831802368164,261.9465026855469,246.7216796875,0.020044807344675064,1.0403375625610352,400.0,0.285875001301368
20231012.0,1.409999966621399,40.0,8.0,0.07999999821186066,0.125,0.10999999940395355,0.19377602636814117,1.184156060218811,280.02215576171875,1.6544830799102783,246.7187957763672,232.68112182617188,6.248904705047607,2.082455635070801,400.0,0.332958334436019
20231017.0,1.409999966621399,40.0,8.0,0.07999999821186066,0.125,0.10999999940395355,0.19377602636814117,1.184156060218811,286.4869384765625,1.7239198684692383,251.57662963867188,231.1796875,0.052810270339250565,1.4499808549880981,400.0,0.33112500111262
20231019.0,1.409999966621399,40.0,8.0,0.07999999821186066,0.125,0.10999999940395355,0.19377602636814117,1.184156060218811,285.09344482421875,1.7390748262405396,255.6100616455078,235.806396484375,0.0017225741175934672,1.5290741920471191,400.0,0.314750000834465
20231020.0,1.409999966621399,40.0,8.0,0.07999999821186066,0.125,0.10999999940395355,0.19377602636814117,1.184156060218811,286.50018310546875,1.7467052936553955,256.9825134277344,237.8499755859375,0.0017116728704422712,1.4763879776000977,400.0,0.304958333571752
20231022.0,1.409999966621399,40.0,8.0,0.07999999821186066,0.125,0.10999999940395355,0.19377602636814117,1.184156060218811,284.44091796875,1.7620108127593994,257.80194091796875,239.88418579101562,0.0,1.0884970426559448,400.0,0.286833333472411
20231025.0,1.409999966621399,40.0,8.0,0.07999999821186066,0.125,0.10999999940395355,0.19377602636814117,1.184156060218811,279.4466552734375,1.7836500406265259,259.88623046875,244.71551513671875,0.39255887269973755,0.779547929763794,400.0,0.27195238783246
20231102.0,1.409999966621399,40.0,8.0,0.07999999821186066,0.125,0.10999999940395355,0.19377602636814117,1.184156060218811,275.5771789550781,1.8184854984283447,251.12762451171875,233.88943481445312,0.0025629987940192223,0.791547954082489,400.0,0.298111112581359
20231104.0,1.409999966621399,40.0,8.0,0.07999999821186066,0.125,0.10999999940395355,0.19377602636814117,1.184156060218811,278.08892822265625,1.8012064695358276,248.04769897460938,227.47149658203125,0.008930359035730362,0.7725228667259216,400.0,0.312190475917998
20231105.0,1.409999966621399,40.0,8.0,0.07999999821186066,0.125,0.10999999940395355,0.19377602636814117,1.184156060218811,281.5772399902344,1.7930858135223389,248.49957275390625,228.75100708007812,3.0960235595703125,1.145818829536438,400.0,0.316458334525426
20231107.0,1.409999966621399,40.0,8.0,0.07999999821186066,0.125,0.10999999940395355,0.19377602636814117,1.184156060218811,280.63751220703125,1.7771801948547363,250.3045654296875,228.74172973632812,0.024275803938508034,0.8117729425430298,400.0,0.323416668921709
20231112.0,1.409999966621399,40.0,8.0,0.07999999821186066,0.125,0.10999999940395355,0.19377602636814117,1.184156060218811,278.0611572265625,1.7443294525146484,252.89569091796875,231.44627380371094,0.0,0.8860327005386353,400.0,0.299041669815779
20231113.0,1.409999966621399,40.0,8.0,0.07999999821186066,0.125,0.10999999940395355,0.19377602636814117,1.184156060218811,279.6516418457031,1.7387343645095825,253.48297119140625,233.90606689453125,0.0017271270044147968,1.1025055646896362,400.0,0.29670833175381
20231115.0,1.409999966621399,40.0,8.0,0.07999999821186066,0.125,0.10999999940395355,0.19377602636814117,1.184156060218811,279.23394775390625,1.7279808521270752,254.23333740234375,235.28067016601562,0.000858306884765625,0.9440734386444092,400.0,0.29024999961257
20231118.0,1.409999966621399,40.0,8.0,0.07999999821186066,0.125,0.10999999940395355,0.19377602636814117,1.184156060218811,278.7761535644531,1.7222553491592407,254.66319274902344,237.14007568359375,0.00043511379044502974,0.7075945734977722,400.0,0.279291670769453
20231120.0,1.409999966621399,40.0,8.0,0.07999999821186066,0.125,0.10999999940395355,0.19377602636814117,1.184156060218811,275.8416748046875,1.736804485321045,256.71551513671875,239.06716918945312,0.06929357349872589,0.4737442433834076,400.0,0.272437501698732
20231129.0,1.409999966621399,40.0,8.0,0.07999999821186066,0.125,0.10999999940395355,0.19377602636814117,1.184156060218811,273.6635437011719,1.8179957866668701,256.00872802734375,241.3206787109375,0.0008702276973053813,0.5328991413116455,400.0,0.272416666150093
20240319.0,1.409999966621399,40.0,8.0,0.07999999821186066,0.125,0.10999999940395355,0.19377602636814117,1.184156060218811,280.3632507324219,2.0960488319396973,251.885009765625,233.0914306640625,0.003427499905228615,1.292103886604309,400.0,0.336869568928428
20240328.0,1.409999966621399,40.0,8.0,0.07999999821186066,0.125,0.10999999940395355,0.19377602636814117,1.184156060218811,275.6407470703125,2.0259437561035156,248.57925415039062,229.79833984375,0.36714234948158264,0.9670835733413696,400.0,0.376631576763956
20240330.0,1.409999966621399,40.0,8.0,0.07999999821186066,0.125,0.10999999940395355,0.19377602636814117,1.184156060218811,272.922119140625,2.0123414993286133,242.41220092773438,222.39756774902344,2.4418680667877197,0.5985183715820312,400.0,0.337083332240582
20240404.0,1.409999966621399,40.0,8.0,0.07999999821186066,0.125,0.10999999940395355,0.19377602636814117,1.184156060218811,282.3193054199219,2.009458065032959,242.37893676757812,218.35305786132812,0.0017220344161614776,2.1498265266418457,400.0,0.34533333281676
20240405.0,1.409999966621399,40.0,8.0,0.07999999821186066,0.125,0.10999999940395355,0.19377602636814117,1.184156060218811,286.5716552734375,2.0097618103027344,242.4725799560547,220.26177978515625,0.00043511384865269065,2.2739837169647217,400.0,0.333833333104849
20240410.0,1.409999966621399,40.0,8.0,0.07999999821186066,0.125,0.10999999940395355,0.19377602636814117,1.184156060218811,274.1178283691406,1.9701120853424072,241.15350341796875,221.55210876464844,0.6848161220550537,1.6831653118133545,400.0,0.362476191350392
20240412.0,1.409999966621399,40.0,8.0,0.07999999821186066,0.125,0.10999999940395355,0.19377602636814117,1.184156060218811,275.3746032714844,1.951846957206726,240.40419006347656,218.5745391845703,0.0,2.0012001991271973,400.0,0.368166665236155
20240413.0,1.409999966621399,40.0,8.0,0.07999999821186066,0.125,0.10999999940395355,0.19377602636814117,1.184156060218811,285.12164306640625,1.9404540061950684,244.28463745117188,221.1340789794922,0.13282272219657898,2.469749689102173,400.0,0.39284210456045
20240415.0,1.409999966621399,40.0,8.0,0.07999999821186066,0.125,0.10999999940395355,0.19377602636814117,1.184156060218811,288.1099548339844,1.9395549297332764,250.06980895996094,226.56930541992188,3.3518550395965576,2.3868308067321777,400.0,0.344916666547457
20240423.0,1.409999966621399,40.0,8.0,0.07999999821186066,0.125,0.10999999940395355,0.19377602636814117,1.184156060218811,279.2240295410156,1.9655828475952148,248.50775146484375,229.93572998046875,0.0025748249609023333,2.2478599548339844,400.0,0.313958335667849
20240426.0,1.409999966621399,40.0,8.0,0.07999999821186066,0.125,0.10999999940395355,0.19377602636814117,1.184156060218811,284.26434326171875,1.8484878540039062,258.856689453125,241.89744567871094,0.01608465611934662,2.188998222351074,400.0,0.278666670123736
20240428.0,1.409999966621399,40.0,8.0,0.07999999821186066,0.125,0.10999999940395355,0.19377602636814117,1.184156060218811,279.23822021484375,1.7779980897903442,255.3385009765625,241.08221435546875,0.0025955974124372005,1.652608871459961,400.0,0.260785707405635
20240429.0,1.409999966621399,40.0,8.0,0.07999999821186066,0.125,0.10999999940395355,0.19377602636814117,1.184156060218811,280.63873291015625,1.7383439540863037,256.8780517578125,242.279541015625,0.49943807721138,2.1957345008850098,400.0,0.251499994968375
20240501.0,1.409999966621399,40.0,8.0,0.07999999821186066,0.125,0.10999999940395355,0.19377602636814117,1.184156060218811,278.7511901855469,1.714728832244873,258.35028076171875,242.01333618164062,1.5673339366912842,2.142266273498535,400.0,0.239849995821714
20240504.0,1.409999966621399,40.0,8.0,0.07999999821186066,0.125,0.10999999940395355,0.19377602636814117,1.184156060218811,276.663330078125,1.736280918121338,257.83038330078125,240.05599975585938,0.0021517276763916016,1.9403334856033325,400.0,0.244066666563352
20240506.0,1.409999966621399,40.0,8.0,0.07999999821186066,0.125,0.10999999940395355,0.19377602636814117,1.184156060218811,284.8617858886719,1.7504347562789917,263.8070068359375,249.6678466796875,6.259753227233887,1.8713701963424683,400.0,0.225833332166076
20240507.0,1.409999966621399,40.0,8.0,0.07999999821186066,0.125,0.10999999940395355,0.19377602636814117,1.184156060218811,275.0660095214844,1.7590585947036743,243.2753143310547,229.84373474121094,30.839160919189453,4.056962013244629,400.0,0.328846152012165
20240509.0,1.409999966621399,40.0,8.0,0.07999999821186066,0.125,0.10999999940395355,0.19377602636814117,1.184156060218811,278.4844970703125,1.7622159719467163,240.68722534179688,225.22885131835938,3.43689227104187,2.2575151920318604,400.0,0.386625000586112
20240512.0,1.409999966621399,40.0,8.0,0.07999999821186066,0.125,0.10999999940395355,0.19377602636814117,1.184156060218811,285.9265441894531,1.7487744092941284,248.24758911132812,225.78839111328125,1.0180251598358154,2.964016914367676,400.0,0.378583333144585
20240514.0,1.409999966621399,40.0,8.0,0.07999999821186066,0.125,0.10999999940395355,0.19377602636814117,1.184156060218811,284.19384765625,1.740132212638855,255.0660400390625,237.80679321289062,7.690062046051025,2.59552001953125,400.0,0.344249999523163
20240515.0,1.409999966621399,40.0,8.0,0.07999999821186066,0.125,0.10999999940395355,0.19377602636814117,1.184156060218811,283.0504150390625,1.7372636795043945,243.85983276367188,228.79147338867188,2.05904221534729,2.681732654571533,400.0,0.407000001271566
20240517.0,1.409999966621399,40.0,8.0,0.07999999821186066,0.125,0.10999999940395355,0.19377602636814117,1.184156060218811,288.9373474121094,1.71812903881073,245.69129943847656,223.38360595703125,0.9243475198745728,3.5446760654449463,400.0,0.35195833320419
20240520.0,1.409999966621399,40.0,8.0,0.07999999821186066,0.125,0.10999999940395355,0.19377602636814117,1.184156060218811,281.1670227050781,1.6730520725250244,252.9504852294922,234.24220275878906,3.0978753566741943,1.9933862686157227,400.0,0.299250000466903
20240522.0,1.409999966621399,40.0,8.0,0.07999999821186066,0.125,0.10999999940395355,0.19377602636814117,1.184156060218811,280.9043273925781,1.6441296339035034,251.01223754882812,234.0050048828125,0.6053628921508789,3.006166696548462,400.0,0.304166665921609
20240523.0,1.409999966621399,40.0,8.0,0.07999999821186066,0.125,0.10999999940395355,0.19377602636814117,1.184156060218811,283.7851257324219,1.630508542060852,251.40353393554688,229.96841430664062,0.6859136819839478,2.485685348510742,400.0,0.300958331674337
20240525.0,1.409999966621399,40.0,8.0,0.07999999821186066,0.125,0.10999999940395355,0.19377602636814117,1.184156060218811,283.7257995605469,1.5978583097457886,252.8526611328125,231.631591796875,2.113525629043579,2.845435619354248,400.0,0.301416662832101
20240528.0,1.409999966621399,40.0,8.0,0.07999999821186066,0.125,0.10999999940395355,0.19377602636814117,1.184156060218811,285.1637268066406,1.5431559085845947,257.456298828125,237.700927734375,0.0,3.361632823944092,400.0,0.288041666150093
20240530.0,1.409999966621399,40.0,8.0,0.07999999821186066,0.125,0.10999999940395355,0.19377602636814117,1.184156060218811,285.9094543457031,1.508359670639038,252.20291137695312,236.8167724609375,2.5340256690979004,3.3466556072235107,400.0,0.324083330730597
20240531.0,1.409999966621399,40.0,8.0,0.07999999821186066,0.125,0.10999999940395355,0.19377602636814117,1.184156060218811,283.2635192871094,1.4906938076019287,255.79937744140625,234.79904174804688,0.29067113995552063,2.4486300945281982,400.0,0.337875001132488
20240602.0,1.409999966621399,40.0,8.0,0.07999999821186066,0.125,0.10999999940395355,0.19377602636814117,1.184156060218811,289.35272216796875,1.4620212316513062,260.4967956542969,240.68482971191406,2.1396825313568115,3.127000331878662,400.0,0.306833329300086
20240605.0,1.409999966621399,40.0,8.0,0.07999999821186066,0.125,0.10999999940395355,0.19377602636814117,1.184156060218811,287.56280517578125,1.4276816844940186,265.5628356933594,249.900146484375,0.010536273010075092,2.8806419372558594,400.0,0.245125000675519
20240607.0,1.409999966621399,40.0,8.0,0.07999999821186066,0.125,0.10999999940395355,0.19377602636814117,1.184156060218811,290.3499450683594,1.4048986434936523,269.0836181640625,255.54022216796875,0.5105526447296143,3.239655017852783,400.0,0.207541666304072
20240608.0,1.409999966621399,40.0,8.0,0.07999999821186066,0.125,0.10999999940395355,0.19377602636814117,1.184156060218811,288.5481262207031,1.394744873046875,271.34295654296875,256.95745849609375,1.7910869121551514,3.1156115531921387,400.0,0.194041665022572
20240610.0,1.409999966621399,40.0,8.0,0.07999999821186066,0.125,0.10999999940395355,0.19377602636814117,1.184156060218811,291.533935546875,1.364560842514038,271.2073974609375,259.1792907714844,6.0504069328308105,3.1920275688171387,400.0,0.198666668186585
20240613.0,1.409999966621399,40.0,8.0,0.07999999821186066,0.125,0.10999999940395355,0.19377602636814117,1.184156060218811,292.1664123535156,1.311058759689331,270.22918701171875,253.87411499023438,0.048633601516485214,3.482243537902832,400.0,0.239166665822268
20240615.0,1.409999966621399,40.0,8.0,0.07999999821186066,0.125,0.10999999940395355,0.19377602636814117,1.184156060218811,295.42169189453125,1.2779245376586914,271.7024841308594,258.9200439453125,0.7543826103210449,3.3535163402557373,400.0,0.200375001877546
20240616.0,1.409999966621399,40.0,8.0,0.07999999821186066,0.125,0.10999999940395355,0.19377602636814117,1.184156060218811,290.4271240234375,1.2593799829483032,271.2025146484375,255.54510498046875,0.001710653305053711,2.557401657104492,400.0,0.183541667958101
20240618.0,1.409999966621399,40.0,8.0,0.07999999821186066,0.125,0.10999999940395355,0.19377602636814117,1.184156060218811,285.62066650390625,1.2465910911560059,262.0535888671875,250.25144958496094,9.381864547729492,2.9903554916381836,400.0,0.190958332270384
20240621.0,1.409999966621399,40.0,8.0,0.07999999821186066,0.125,0.10999999940395355,0.19377602636814117,1.184156060218811,288.68682861328125,1.2576075792312622,272.6426696777344,260.35943603515625,9.762171745300293,2.5007054805755615,400.0,0.178875003010035
20240623.0,1.409999966621399,40.0,8.0,0.07999999821186066,0.125,0.10999999940395355,0.19377602636814117,1.184156060218811,294.22259521484375,1.2637406587600708,265.92095947265625,247.54537963867188,0.043141115456819534,3.689504861831665,400.0,0.291208333025376
20240624.0,1.409999966621399,40.0,8.0,0.07999999821186066,0.125,0.10999999940395355,0.19377602636814117,1.184156060218811,297.16510009765625,1.267852544784546,269.1512451171875,250.8862762451172,1.0265432596206665,4.0998029708862305,400.0,0.258916664868593
20240626.0,1.409999966621399,40.0,8.0,0.07999999821186066,0.125,0.10999999940395355,0.19377602636814117,1.184156060218811,293.1590881347656,1.266449213027954,273.4703369140625,260.39117431640625,0.007839609868824482,2.79411244392395,400.0,0.216304347566936
20240629.0,1.409999966621399,40.0,8.0,0.07999999821186066,0.125,0.10999999940395355,0.19377602636814117,1.184156060218811,287.7862243652344,1.25209379196167,273.2695617675781,259.45184326171875,0.030521543696522713,2.2634875774383545,400.0,0.179000001400709
20240701.0,1.409999966621399,40.0,8.0,0.07999999821186066,0.125,0.10999999940395355,0.19377602636814117,1.184156060218811,295.45318603515625,1.2437993288040161,276.9769287109375,264.8844909667969,1.4879099130630493,2.4490103721618652,400.0,0.164250002553066
20240702.0,1.409999966621399,40.0,8.0,0.07999999821186066,0.125,0.10999999940395355,0.19377602636814117,1.184156060218811,289.6560363769531,1.236924409866333,276.7833251953125,264.064697265625,0.19043216109275818,2.1744954586029053,400.0,0.158666668459773
20240704.0,1.409999966621399,40.0,8.0,0.07999999821186066,0.125,0.10999999940395355,0.19377602636814117,1.184156060218811,286.5680847167969,1.2493456602096558,258.4799499511719,240.88232421875,0.8322203755378723,2.46223783493042,400.0,0.172374997287989
20240707.0,1.409999966621399,40.0,8.0,0.07999999821186066,0.125,0.10999999940395355,0.19377602636814117,1.184156060218811,288.6768493652344,1.304345726966858,268.45367431640625,253.00636291503906,0.6928831338882446,2.244000196456909,400.0,0.197666664297382
20240709.0,1.409999966621399,40.0,8.0,0.07999999821186066,0.125,0.10999999940395355,0.19377602636814117,1.184156060218811,293.41632080078125,1.341334342956543,267.42034912109375,251.80137634277344,0.0,2.675189971923828,400.0,0.184666665891806
20240710.0,1.409999966621399,40.0,8.0,0.07999999821186066,0.125,0.10999999940395355,0.19377602636814117,1.184156060218811,295.0163879394531,1.363266110420227,273.5147399902344,258.0306701660156,0.0,2.604710102081299,400.0,0.174458333601554
20240712.0,1.409999966621399,40.0,8.0,0.07999999821186066,0.125,0.10999999940395355,0.19377602636814117,1.184156060218811,298.9896240234375,1.381412148475647,277.92535400390625,267.41436767578125,0.16352760791778564,2.2957372665405273,400.0,0.152291665474574
20240715.0,1.409999966621399,40.0,8.0,0.07999999821186066,0.125,0.10999999940395355,0.19377602636814117,1.184156060218811,299.1707763671875,1.3741929531097412,279.9239501953125,267.33355712890625,1.4507030248641968,2.1290159225463867,400.0,0.133791668340564
20240717.0,1.409999966621399,40.0,8.0,0.07999999821186066,0.125,0.10999999940395355,0.19377602636814117,1.184156060218811,294.78460693359375,1.3706566095352173,277.3563537597656,268.0631103515625,0.002602179069072008,1.877895712852478,400.0,0.125166667935749
20240718.0,1.409999966621399,40.0,8.0,0.07999999821186066,0.125,0.10999999940395355,0.19377602636814117,1.184156060218811,296.661376953125,1.3686330318450928,279.83819580078125,269.0289001464844,0.05256631225347519,1.841122031211853,400.0,0.120875000953674
20240720.0,1.409999966621399,40.0,8.0,0.07999999821186066,0.125,0.10999999940395355,0.19377602636814117,1.184156060218811,295.1542663574219,1.3672062158584595,277.81268310546875,265.93896484375,0.18611334264278412,1.582685112953186,400.0,0.113958333618939
20240723.0,1.409999966621399,40.0,8.0,0.07999999821186066,0.125,0.10999999940395355,0.19377602636814117,1.184156060218811,297.1345520019531,1.3678131103515625,281.2872619628906,267.9285888671875,0.0,1.6732368469238281,400.0,0.108375000146528
20240725.0,1.409999966621399,40.0,8.0,0.07999999821186066,0.125,0.10999999940395355,0.19377602636814117,1.184156060218811,301.0262451171875,1.3683408498764038,281.8740234375,270.4263000488281,0.001710653305053711,1.4996719360351562,400.0,0.103875000340243
20240726.0,1.409999966621399,40.0,8.0,0.07999999821186066,0.125,0.10999999940395355,0.19377602636814117,1.184156060218811,299.9307556152344,1.368112564086914,283.4637451171875,271.973876953125,0.05788958817720413,1.253350019454956,400.0,0.101791668062409
20240728.0,1.409999966621399,40.0,8.0,0.07999999821186066,0.125,0.10999999940395355,0.19377602636814117,1.184156060218811,296.8763732910156,1.3722988367080688,281.4231262207031,268.6950378417969,3.3834803104400635,1.90171217918396,400.0,0.0980833343540629
20240731.0,1.409999966621399,40.0,8.0,0.07999999821186066,0.125,0.10999999940395355,0.19377602636814117,1.184156060218811,296.369140625,1.3846684694290161,277.37933349609375,265.79559326171875,0.17015787959098816,1.512093186378479,400.0,0.0949999997392297
20240802.0,1.409999966621399,40.0,8.0,0.07999999821186066,0.125,0.10999999940395355,0.19377602636814117,1.184156060218811,299.5266418457031,1.3925387859344482,282.1226806640625,269.90484619140625,0.0008523463038727641,1.4397101402282715,400.0,0.0928749991580844
20240803.0,1.409999966621399,40.0,8.0,0.07999999821186066,0.125,0.10999999940395355,0.19377602636814117,1.184156060218811,300.3072814941406,1.3975332975387573,282.1122131347656,270.4154357910156,0.00130092550534755,1.305286169052124,400.0,0.0912500008319815
20240805.0,1.409999966621399,40.0,8.0,0.07999999821186066,0.125,0.10999999940395355,0.19377602636814117,1.184156060218811,297.103759765625,1.397804856300354,275.7152099609375,262.9237060546875,0.0291182491928339,1.1217706203460693,400.0,0.0888333336139719
20240808.0,1.409999966621399,40.0,8.0,0.07999999821186066,0.125,0.10999999940395355,0.19377602636814117,1.184156060218811,288.434814453125,1.3857409954071045,276.015869140625,261.4910888671875,2.3110697269439697,1.3976994752883911,400.0,0.0874583336214225
20240810.0,1.409999966621399,40.0,8.0,0.07999999821186066,0.125,0.10999999940395355,0.19377602636814117,1.184156060218811,290.12969970703125,1.378347635269165,276.1509704589844,262.95172119140625,0.023572569712996483,1.2196801900863647,400.0,0.086416667016844
20240811.0,1.409999966621399,40.0,8.0,0.07999999821186066,0.125,0.10999999940395355,0.19377602636814117,1.184156060218811,289.9139099121094,1.3741086721420288,266.3119201660156,249.56980895996094,16.00389862060547,3.1507959365844727,400.0,0.124695651233196
20240813.0,1.409999966621399,40.0,8.0,0.07999999821186066,0.125,0.10999999940395355,0.19377602636814117,1.184156060218811,294.7923278808594,1.3709640502929688,269.49169921875,252.390380859375,0.28919097781181335,2.266148328781128,400.0,0.140916667257746
20240816.0,1.409999966621399,40.0,8.0,0.07999999821186066,0.125,0.10999999940395355,0.19377602636814117,1.184156060218811,292.69903564453125,1.37306809425354,269.3009033203125,253.2814483642578,1.6057308912277222,2.1842241287231445,400.0,0.136000001803041
20240818.0,1.409999966621399,40.0,8.0,0.07999999821186066,0.125,0.10999999940395355,0.19377602636814117,1.184156060218811,296.59417724609375,1.3743879795074463,275.9393310546875,263.721923828125,1.4925519227981567,2.1176199913024902,400.0,0.129875000566244
20240819.0,1.409999966621399,40.0,8.0,0.07999999821186066,0.125,0.10999999940395355,0.19377602636814117,1.184156060218811,295.9146423339844,1.3744500875473022,277.08734130859375,266.331298828125,0.5480519533157349,1.7735730409622192,400.0,0.124250000963608
20240821.0,1.409999966621399,40.0,8.0,0.07999999821186066,0.125,0.10999999940395355,0.19377602636814117,1.184156060218811,299.3162536621094,1.3802239894866943,270.8670349121094,253.27227783203125,0.011875764466822147,1.8599287271499634,400.0,0.122750000407298
20240824.0,1.409999966621399,40.0,8.0,0.07999999821186066,0.125,0.10999999940395355,0.19377602636814117,1.184156060218811,298.81927490234375,1.3963463306427002,276.04302978515625,262.26318359375,0.004096623044461012,1.4725693464279175,400.0,0.110791666743656
20240826.0,1.409999966621399,40.0,8.0,0.07999999821186066,0.125,0.10999999940395355,0.19377602636814117,1.184156060218811,293.3036804199219,1.4070966243743896,274.5028076171875,262.38421630859375,18.971878051757812,2.9266793727874756,400.0,0.104041666102906
20240827.0,1.409999966621399,40.0,8.0,0.07999999821186066,0.125,0.10999999940395355,0.19377602636814117,1.184156060218811,289.4552917480469,1.4120851755142212,259.54278564453125,242.21160888671875,3.441807746887207,2.6911158561706543,400.0,0.10504347798617
20240829.0,1.409999966621399,40.0,8.0,0.07999999821186066,0.125,0.10999999940395355,0.19377602636814117,1.184156060218811,287.1046447753906,1.4265174865722656,268.1834411621094,248.82469177246094,0.0008523463038727641,1.8401196002960205,400.0,0.108000000007451
20240901.0,1.409999966621399,40.0,8.0,0.07999999821186066,0.125,0.10999999940395355,0.19377602636814117,1.184156060218811,292.4944152832031,1.453278660774231,274.857177734375,260.8638916015625,0.000852346362080425,1.8644455671310425,400.0,0.103291667066514
20240903.0,1.409999966621399,40.0,8.0,0.07999999821186066,0.125,0.10999999940395355,0.19377602636814117,1.184156060218811,297.9111633300781,1.4712249040603638,277.70556640625,266.765625,0.36515697836875916,1.980466365814209,400.0,0.0983750009909272
20240904.0,1.409999966621399,40.0,8.0,0.07999999821186066,0.125,0.10999999940395355,0.19377602636814117,1.184156060218811,294.2209777832031,1.48141610622406,279.006103515625,268.83563232421875,0.7990800142288208,1.4351664781570435,400.0,0.0957916658371687
20240906.0,1.409999966621399,40.0,8.0,0.07999999821186066,0.125,0.10999999940395355,0.19377602636814117,1.184156060218811,290.1875,1.4915069341659546,275.86553955078125,263.85968017578125,0.0,1.175524353981018,400.0,0.0935000001142422
20240909.0,1.409999966621399,40.0,8.0,0.07999999821186066,0.125,0.10999999940395355,0.19377602636814117,1.184156060218811,295.8016052246094,1.4931639432907104,277.1658935546875,267.17999267578125,0.6295768022537231,1.4435110092163086,400.0,0.0901250010356307
20240911.0,1.409999966621399,40.0,8.0,0.07999999821186066,0.125,0.10999999940395355,0.19377602636814117,1.184156060218811,296.6186218261719,1.4948989152908325,278.53533935546875,266.4031677246094,0.4681805968284607,1.311028003692627,400.0,0.0878750008220474
20240912.0,1.409999966621399,40.0,8.0,0.07999999821186066,0.125,0.10999999940395355,0.19377602636814117,1.184156060218811,296.3374938964844,1.4951196908950806,280.2847900390625,269.2201232910156,0.18409305810928345,1.1113293170928955,400.0,0.0870416673521201
20240914.0,1.409999966621399,40.0,8.0,0.07999999821186066,0.125,0.10999999940395355,0.19377602636814117,1.184156060218811,290.5838317871094,1.5016732215881348,276.8619384765625,265.4783935546875,0.0004394104180391878,0.9749577641487122,400.0,0.084624998892347
20240917.0,1.409999966621399,40.0,8.0,0.07999999821186066,0.125,0.10999999940395355,0.19377602636814117,1.184156060218811,295.6074523925781,1.5195550918579102,268.8577880859375,254.8748779296875,0.20062825083732605,0.9066105484962463,400.0,0.0919999998683731
20240919.0,1.409999966621399,40.0,8.0,0.07999999821186066,0.125,0.10999999940395355,0.19377602636814117,1.184156060218811,288.5487365722656,1.5317505598068237,259.38262939453125,238.85269165039062,0.0074091567657887936,1.148630976676941,400.0,0.0987083337580164
20240920.0,1.409999966621399,40.0,8.0,0.07999999821186066,0.125,0.10999999940395355,0.19377602636814117,1.184156060218811,288.15618896484375,1.5362757444381714,265.28363037109375,247.45823669433594,0.015224820002913475,1.2478824853897095,400.0,0.0997391307483549
20240922.0,1.409999966621399,40.0,8.0,0.07999999821186066,0.125,0.10999999940395355,0.19377602636814117,1.184156060218811,282.7272033691406,1.5607984066009521,266.22625732421875,251.88043212890625,0.00043511379044502974,0.8824155330657959,400.0,0.0984583341826995
20240925.0,1.409999966621399,40.0,8.0,0.07999999821186066,0.125,0.10999999940395355,0.19377602636814117,1.184156060218811,290.5462341308594,1.6191800832748413,272.56817626953125,260.4543151855469,0.0,1.0148441791534424,400.0,0.0983750006804864
